0 2764 1920 2285 1932 2089 2059 2531 1823 1879 2185 2075 1885 1827 2246 2095 2139 2199 2037 2247 2130 1980 2065 2141 1852 1638 1762 2225 2822 3436 2317 2309 2920 3135 2311 2354 2905 2470 2411 2138 2711 2226 2357 2284 2612 1873 1846 1967 2163 2099 2080 2428 1732 2262 1782 1792 1837 1767 
763 1930 1621 1659 1268 1519 1555 1789 1731 1866 1784 1817 1691 1618 1984 1905 1427 1972 1443 1901 2016 1529 1727 1720 1281 1243 1383 1377 1795 1983 1210 1253 1292 1279 1153 1033 1421 1108 1020 988 1374 1020 1172 1415 1375 1093 911 1238 1241 1109 1128 1290 873 1089 1016 915 887 924 
491 1126 774 782 802 813 843 1003 860 780 922 788 875 818 1025 1056 1029 1212 1111 1132 1103 1124 1019 1070 975 841 903 1018 1211 1421 767 814 898 885 700 831 993 770 667 745 864 567 740 758 787 601 614 634 699 696 610 802 429 611 484 452 511 443 
995 1718 1190 1373 1067 1179 1124 1236 1152 1343 1223 1260 1344 1139 1335 1167 1209 1218 953 1164 1029 906 823 1078 847 722 807 915 1000 1212 809 807 1038 1050 890 1101 1368 1115 1061 1094 1404 1019 1242 1194 1275 947 964 1043 1098 1119 1046 1200 783 1122 962 1012 1087 1046 
1075 2216 1430 1554 1312 1444 1303 1381 1316 1427 1408 1289 1472 1254 1367 1384 1305 1476 1257 1488 1507 1432 1329 1554 1361 1163 1286 1449 1650 1794 1042 1110 1554 1494 1307 1446 1782 1469 1374 1390 1688 1251 1395 1409 1555 1092 1223 1303 1412 1397 1526 1723 1080 1599 1354 1276 1367 1427 
893 2344 1465 1559 1439 1564 1443 1628 1376 1334 1457 1552 1523 1510 1647 1699 1602 1731 1553 1574 1551 1431 1444 1497 1348 1208 1285 1503 1537 1731 1010 1001 1249 1339 1066 1203 1380 1193 1125 1130 1455 982 1209 1282 1384 1022 991 1207 1260 1223 1431 1676 1094 1579 1433 1388 1496 1410 
972 2078 1307 1463 1376 1545 1399 1440 1417 1387 1438 1416 1356 1348 1372 1323 1289 1328 1198 1440 1419 1354 1342 1369 1227 1289 1258 1465 1642 1635 1022 1099 1247 1357 1114 1350 1597 1161 1340 1259 1435 1059 1222 1297 1104 940 1020 1195 1078 1081 1303 1359 932 1362 1230 1046 1178 1113 
882 2257 1353 1493 1427 1461 1219 1387 1433 1244 1302 1335 1526 1570 1527 1590 1550 1791 1600 1860 1594 1601 1474 1622 1295 1270 1302 1516 1521 1718 1084 1173 1359 1558 1310 1392 1499 1389 1338 1222 1571 1113 1376 1477 1317 1175 1073 1328 1289 1279 1542 1644 1062 1479 1218 1299 1208 1177 
977 2559 1299 1573 1237 1365 1393 1426 1485 1447 1475 1587 1526 1389 1577 1404 1542 1539 1478 1552 1478 1390 1390 1534 1237 1244 1281 1440 1558 1704 970 917 1138 1289 1189 1198 1582 1178 1325 1190 1623 1143 1416 1356 1239 969 1037 1166 1262 1110 1350 1502 984 1401 1425 1200 1291 1181 
1026 2161 1259 1394 1291 1220 1303 1315 1323 1170 1206 1292 1227 1220 1406 1154 1343 1325 1240 1297 1349 1196 1314 1315 1049 1012 1042 1178 1414 1482 924 1086 999 1243 1134 1114 1536 1170 1140 1041 1188 872 1035 993 918 819 901 1023 961 943 1142 1153 818 1267 1072 1048 993 1073 
825 2161 1166 1228 1199 1058 1200 1184 1362 1217 1261 1114 1409 1270 1319 1130 1197 1152 1055 1251 1249 1218 1350 1350 1083 1139 1229 1232 1372 1543 1072 1059 1351 1364 1027 1053 1274 1010 1038 1082 1250 982 1097 1277 1107 836 979 1046 1201 1034 1224 1267 882 1317 1032 1034 1155 1094 
1080 2417 1434 1466 1274 1282 1333 1158 1252 1130 1434 1130 1455 1225 1497 1427 1365 1344 1323 1440 1357 1454 1340 1504 1101 1095 1169 1330 1399 1525 961 1055 1114 1241 1189 1292 1640 1265 1321 1295 1665 1214 1303 1327 1258 890 958 1223 1249 1117 1245 1302 964 1235 1081 1100 1124 1071 
1002 2432 1427 1535 1427 1347 1541 1585 1577 1406 1488 1330 1658 1458 1551 1616 1517 1656 1601 1632 1595 1622 1633 1581 1377 1538 1480 1599 1751 1840 1083 1095 1403 1498 1368 1287 1545 1157 1300 1182 1294 1101 1193 1376 1122 931 897 1120 1071 1041 1370 1410 979 1124 982 1050 1107 1042 
881 2222 1159 1278 1207 1135 1203 1198 1365 1182 1234 1197 1438 1315 1277 1290 1229 1257 1148 1286 1240 1219 1202 1400 1115 1071 1071 1234 1483 1533 962 909 1228 1179 1155 1090 1258 959 1011 881 1120 864 1178 1174 978 850 844 990 987 1014 1232 1204 922 1184 1036 1160 1052 1038 
907 2486 1248 1373 1266 1242 1387 1381 1438 1267 1193 1279 1335 1259 1445 1418 1302 1352 1377 1383 1393 1382 1328 1396 1279 1185 1251 1324 1732 1689 1204 1110 1414 1381 1386 1333 1490 1271 1211 1106 1396 1087 1187 1535 1236 1092 1032 1333 1176 1107 1310 1372 1019 1065 1140 1175 1209 1148 
1016 2572 1403 1570 1523 1284 1343 1452 1492 1263 1399 1345 1386 1294 1369 1372 1318 1445 1369 1429 1423 1418 1326 1458 1330 1169 1384 1379 1575 1558 1085 1103 1466 1338 1290 1315 1592 1333 1364 1170 1351 1089 1356 1524 1079 1078 1099 1302 1283 1100 1406 1475 1087 1289 1173 1272 1248 1165 
841 2387 1301 1306 1482 1276 1346 1482 1529 1329 1362 1355 1313 1378 1516 1404 1417 1301 1346 1409 1438 1406 1354 1440 1219 1256 1312 1266 1734 1596 1128 1093 1338 1355 1280 1230 1316 1168 1212 1033 1260 970 1112 1361 1042 1082 1011 1126 1141 1004 1206 1247 1020 1139 1183 1178 1098 1115 
823 2477 1403 1456 1640 1294 1381 1443 1387 1314 1373 1359 1457 1299 1511 1376 1541 1376 1437 1506 1406 1410 1394 1460 1344 1326 1339 1343 1808 1453 1236 1147 1375 1368 1355 1347 1347 1351 1242 1272 1276 1062 1181 1434 1106 1121 1102 1185 1191 1098 1292 1316 875 1249 1081 1188 1104 948 
824 2222 1423 1429 1627 1135 1410 1521 1358 1221 1297 1282 1351 1283 1468 1442 1476 1357 1329 1373 1268 1248 1280 1419 1194 1289 1158 1208 1568 1356 1022 1016 1172 1311 1110 1243 1322 1246 1216 1195 1480 932 1186 1344 971 1133 1047 1297 1148 1068 1379 1471 921 1324 1231 1231 1085 1073 
812 2238 1463 1311 1647 1012 1268 1462 1225 1211 1380 1255 1481 1406 1428 1388 1420 1246 1414 1381 1348 1306 1447 1399 1293 1379 1161 1358 1849 1451 1097 1099 1408 1198 1121 1247 1448 1207 1181 1306 1368 1179 1251 1389 1031 1035 1114 1183 1096 1074 1264 1391 1018 1124 1174 1240 1074 1086 
802 2088 1364 1391 1607 1075 1195 1512 1214 1254 1169 1243 1240 1220 1378 1189 1479 1410 1473 1372 1443 1206 1369 1419 1232 1288 1169 1218 1724 1367 1109 1055 1279 1327 1182 1202 1420 1194 1289 1361 1406 1340 1420 1446 1024 1113 1276 1439 1167 1225 1281 1570 1028 1080 1206 1384 1170 952 
685 2041 1363 1331 1562 1208 1503 1606 1570 1394 1281 1395 1414 1451 1397 1336 1403 1349 1437 1419 1468 1316 1367 1411 1436 1283 1082 1387 1849 1437 1101 993 1223 1337 1166 1238 1394 1079 1117 1143 1126 964 1126 1218 942 1064 1106 1346 1196 1203 1304 1470 1098 1029 1307 1364 1078 990 
822 2030 1346 1250 1526 1187 1251 1430 1346 1157 1156 1344 1345 1265 1411 1367 1471 1305 1345 1361 1312 1144 1342 1369 1327 1328 1008 1233 1815 1399 1046 1079 1263 1280 1191 1093 1291 1237 1052 1228 1142 995 1172 1402 1006 944 1046 1180 1118 1130 1192 1365 1143 1184 1417 1470 1124 1100 
985 2158 1589 1410 1639 1316 1349 1374 1532 1325 1252 1490 1462 1390 1581 1465 1399 1404 1391 1536 1387 1345 1631 1527 1344 1353 1106 1409 2148 1591 1102 1095 1283 1387 1199 1283 1320 1276 1223 1317 1274 1108 1366 1516 1132 1123 1291 1367 1209 1316 1399 1570 1061 1042 1206 1260 1127 959 
763 1801 1320 1182 1424 1163 1202 1249 1341 1323 1215 1358 1345 1277 1502 1227 1307 1326 1235 1403 1244 1070 1428 1337 1363 1314 889 1264 2010 1426 1058 1214 1510 1315 1237 1128 1454 1250 1168 1298 1257 992 1142 1400 1122 980 1278 1270 1057 1197 1265 1475 1059 1078 1333 1433 1182 1127 
829 1742 1198 1129 1224 1088 1224 1212 1156 1081 999 1364 1089 1118 1362 1190 1177 1253 1213 1400 1268 1176 1380 1273 1239 1160 739 1138 1805 1196 957 976 1279 1244 1000 1057 1123 1057 992 1167 1130 1068 1102 1120 983 825 979 1072 914 1063 1117 1324 875 879 963 1122 924 868 
515 988 769 782 842 769 881 955 884 977 909 1202 1022 1053 1220 1147 1119 1136 1141 1203 1094 1160 1274 1155 1324 1220 859 1470 2546 1514 1094 1101 1222 1301 1130 1130 1329 1412 1138 1262 1261 1214 1430 1525 1292 1112 1401 1607 1360 1585 1789 2065 1371 1312 1383 1360 1251 1156 
689 1355 991 667 803 1078 1019 726 953 1107 609 800 1090 1105 941 832 1225 761 824 1457 1320 1031 885 1313 1286 1017 895 1183 1882 1277 1075 1196 1759 1861 1635 1423 1581 1541 1267 1589 1673 1690 1578 1933 1629 1198 1380 1456 1412 1682 1461 1972 1571 1497 1509 1866 1615 1394 
222 306 237 158 204 166 212 188 178 174 176 214 175 189 266 177 223 215 228 261 261 286 259 239 269 233 153 268 439 253 173 202 373 406 433 346 464 426 257 339 442 426 395 503 427 308 332 347 276 376 363 458 366 347 394 412 431 405 
