0 67 67 68 68 68 68 72 67 67 67 69 67 68 67 67 67 67 68 69 68 67 68 67 67 69 69 69 69 68 67 67 67 69 68 67 68 67 71 67 69 70 68 68 69 68 68 69 67 68 68 68 70 68 67 69 70 70 
84 89 91 93 88 90 94 94 100 96 95 96 90 94 94 93 84 93 84 93 97 90 92 95 89 90 89 79 78 71 67 70 67 70 72 67 71 69 68 68 71 67 73 78 71 76 71 77 73 74 71 72 74 70 75 74 70 70 
72 93 104 97 96 99 106 97 105 95 102 110 100 102 108 96 96 103 92 100 98 92 99 100 102 91 94 86 78 72 70 68 70 68 71 71 72 71 69 75 72 73 72 72 70 74 80 70 72 77 74 79 73 77 79 76 82 72 
82 100 98 98 100 106 100 100 106 98 110 102 106 102 108 107 107 100 104 101 106 106 104 87 99 94 89 85 75 70 72 68 75 75 72 74 76 72 74 76 80 79 79 84 80 82 75 82 78 80 78 84 76 80 77 84 82 70 
88 92 101 99 106 102 107 108 102 100 109 109 106 108 109 106 100 104 107 106 106 103 105 97 101 104 96 90 83 74 70 69 72 78 74 76 79 76 81 78 82 78 84 80 81 84 86 84 83 86 78 80 83 82 86 84 82 76 
95 96 108 104 106 102 105 112 110 110 110 106 110 112 104 104 106 105 105 104 106 109 104 103 103 96 90 87 78 77 69 71 75 78 81 83 83 82 84 79 82 82 85 84 83 81 80 86 85 90 86 87 82 84 88 84 81 72 
88 90 105 108 106 102 102 110 110 109 115 110 109 111 110 108 105 120 112 105 105 106 102 109 100 106 98 91 78 79 69 72 72 73 80 82 80 85 84 84 86 83 78 84 84 84 87 82 90 94 90 94 87 88 86 94 83 82 
94 101 107 104 106 107 113 108 110 115 115 111 112 106 114 114 115 107 113 102 105 104 101 106 102 107 98 86 80 73 68 72 76 84 81 88 89 82 84 82 88 88 89 88 89 86 80 91 93 91 89 87 89 89 95 88 84 80 
90 96 104 105 113 108 108 108 117 108 112 104 111 113 113 115 113 104 108 108 104 102 106 106 104 108 100 86 82 76 68 68 75 80 82 81 86 90 88 86 85 86 86 84 84 90 90 92 86 88 90 96 95 94 96 82 86 76 
80 102 106 108 110 108 114 108 117 117 110 113 110 117 115 120 108 112 105 117 102 108 104 113 106 104 96 96 80 77 72 76 75 81 87 84 83 90 90 94 86 82 88 85 90 92 91 92 93 98 94 102 94 90 90 89 90 86 
89 106 111 113 113 110 104 110 109 110 105 114 117 111 110 117 107 110 109 106 105 107 108 102 104 97 90 90 83 79 78 73 84 80 90 86 90 94 82 84 89 90 82 83 90 86 86 90 84 94 95 94 95 92 90 92 87 80 
70 102 107 108 115 104 116 110 110 115 107 114 108 115 106 109 110 110 113 111 113 106 100 107 106 110 99 84 81 77 68 77 75 83 86 86 86 91 84 84 86 87 82 84 83 89 90 95 93 88 94 88 94 92 98 90 89 80 
90 102 106 107 111 110 113 106 110 108 116 110 111 108 110 107 113 107 109 110 105 107 111 112 108 97 95 86 83 79 73 74 80 81 88 94 88 88 88 81 84 85 86 87 86 84 82 90 94 90 94 91 92 90 94 94 91 86 
68 102 114 113 113 115 113 112 110 119 116 113 116 116 105 108 113 112 118 112 115 115 112 107 104 110 98 92 88 79 74 74 79 85 83 87 86 87 87 88 84 86 91 88 94 88 84 90 92 94 87 93 94 90 94 92 90 84 
67 101 117 117 115 110 112 116 115 110 120 113 115 112 107 117 108 113 113 112 115 113 115 112 108 106 99 90 86 84 76 76 73 85 86 83 85 87 85 84 84 81 88 92 94 86 88 99 87 92 92 92 93 94 92 96 86 76 
69 107 115 112 112 118 116 112 116 115 115 115 113 114 114 113 117 112 113 116 120 117 115 117 106 106 112 97 93 85 78 73 81 90 87 87 83 86 86 82 87 84 83 86 90 88 88 86 96 93 94 91 92 96 95 94 90 80 
73 110 121 115 117 114 115 116 113 113 117 125 119 112 115 121 112 113 117 112 119 118 112 112 113 100 104 92 87 84 81 76 80 85 86 90 85 84 83 90 88 90 86 87 87 86 88 90 90 94 96 95 89 94 90 89 90 74 
68 102 121 116 116 112 110 110 121 117 119 121 117 123 119 123 117 110 121 114 112 117 121 116 117 106 100 98 96 88 82 76 74 81 80 82 88 94 86 91 88 88 83 86 90 88 91 88 89 89 91 95 97 92 94 87 92 68 
68 105 117 113 120 115 117 118 119 124 121 125 119 124 128 116 118 124 118 121 114 114 115 112 110 110 108 99 97 88 78 78 78 81 80 88 89 88 87 83 86 90 87 84 87 86 88 96 93 98 92 94 94 93 100 90 93 78 
68 99 118 129 117 127 121 121 121 123 121 128 118 128 124 120 122 119 119 113 114 118 117 118 121 113 105 97 89 84 76 74 87 80 84 84 86 92 88 90 85 91 93 94 87 89 94 88 94 94 89 98 96 100 93 96 92 72 
73 100 116 119 117 126 125 119 121 123 133 125 125 125 127 127 121 118 119 115 113 113 113 121 119 115 108 102 96 82 78 78 82 82 90 84 92 85 94 87 91 86 86 85 89 90 97 92 94 94 94 96 90 98 102 89 86 68 
96 100 115 117 125 128 118 121 119 126 128 130 129 124 124 122 129 121 119 119 127 113 119 115 117 119 110 102 91 84 79 80 78 83 81 89 87 95 89 87 92 94 89 88 93 88 87 91 92 102 95 92 97 100 94 96 90 82 
69 104 117 124 119 127 126 117 128 133 122 125 127 118 125 121 120 125 121 117 119 118 119 120 117 107 104 98 92 82 76 76 78 80 92 92 86 93 85 86 92 88 92 92 89 90 90 94 91 97 90 98 90 94 89 92 92 82 
68 100 117 110 125 115 123 117 127 123 128 119 125 123 117 120 122 125 115 126 123 119 112 118 115 111 112 102 92 78 76 79 73 82 86 87 80 88 86 87 91 96 87 96 100 86 90 91 92 93 91 92 92 93 96 90 88 67 
89 106 109 112 117 126 123 119 123 115 117 127 123 119 115 120 119 126 123 121 120 119 113 114 114 110 108 96 87 82 74 78 75 85 81 86 87 87 86 93 88 90 92 86 88 88 96 90 88 92 94 96 92 93 89 90 89 86 
88 102 110 115 115 119 124 110 115 119 125 117 123 122 113 117 113 112 113 115 123 114 110 112 113 108 110 104 89 80 80 75 82 89 84 86 84 87 86 90 85 83 93 90 90 95 90 92 88 88 84 89 90 90 92 87 88 75 
70 100 100 107 106 105 111 110 113 102 117 115 115 112 111 106 100 118 104 110 108 113 106 102 112 104 88 94 82 74 70 73 74 80 80 76 80 80 82 79 79 86 87 86 90 81 80 78 87 89 86 82 84 86 80 80 81 72 
70 88 90 68 71 94 100 70 104 92 69 70 94 96 70 71 83 69 70 96 90 72 67 89 78 72 85 78 68 70 67 68 71 68 76 72 68 70 70 78 75 81 73 72 71 78 72 69 70 77 70 67 74 76 71 76 72 68 
77 67 68 70 71 80 71 70 68 74 72 69 70 67 67 70 68 69 71 69 70 69 67 72 75 68 70 68 67 69 68 70 67 77 67 68 67 69 72 68 68 69 70 67 68 68 67 68 68 68 67 72 68 68 67 69 67 68 
