0 830 664 844 742 799 901 1110 774 767 865 831 794 850 920 841 786 855 776 876 830 773 676 820 718 556 622 646 977 1471 1058 1008 1218 1543 1101 1054 1231 1008 1228 852 1262 1063 1030 929 1194 808 726 793 684 778 782 991 809 1097 786 786 787 900 
820 944 728 860 626 738 870 995 943 851 949 849 774 816 983 908 669 1017 666 987 1071 751 846 961 805 590 611 507 774 911 572 616 626 765 683 578 717 605 552 475 764 461 709 739 706 631 421 563 499 584 522 617 546 559 565 508 470 484 
543 691 633 626 566 748 828 743 705 579 669 765 644 753 906 706 737 909 759 927 976 807 843 917 869 595 629 625 740 1018 644 610 760 773 658 609 756 620 497 520 603 435 505 463 507 403 461 344 352 471 406 584 312 506 402 309 385 289 
1361 1813 1170 1321 1192 1313 1195 1296 1207 1258 1445 1218 1362 1093 1572 1293 1239 1247 1188 1190 1176 1049 1077 856 953 579 572 614 683 893 705 569 1047 1229 910 1028 1248 945 983 967 1397 1005 1138 1252 1224 962 662 880 813 895 797 1281 624 1099 789 968 1077 695 
1604 1763 1413 1600 1422 1440 1466 1783 1221 1318 1570 1463 1374 1329 1624 1386 1232 1505 1369 1520 1677 1454 1435 1332 1358 1251 1050 1163 1517 1519 832 869 1301 1922 1184 1303 1651 1365 1370 1079 1751 1041 1420 1168 1526 1179 1026 1123 1163 1244 1025 1383 1054 1500 1290 1179 1208 1066 
1502 1688 1494 1560 1360 1375 1457 1773 1363 1354 1549 1321 1546 1492 1479 1405 1493 1633 1428 1561 1467 1526 1294 1509 1344 889 798 985 1020 1571 763 819 1127 1424 1123 1178 1223 1102 1056 787 1303 888 1165 1107 1234 900 763 937 933 1197 1092 1526 875 1272 1257 1039 1100 912 
1392 1406 1215 1497 1203 1310 1247 1608 1544 1439 1565 1395 1343 1393 1425 1370 1171 1537 1282 1366 1385 1227 1211 1479 1027 1211 1055 1048 1108 1575 720 837 961 1316 1261 1293 1390 1204 1218 1055 1305 946 805 1156 1128 907 882 812 1030 1063 1096 1413 843 1116 880 1033 866 992 
1470 1880 1233 1434 1336 1315 1502 1473 1539 1472 1440 1341 1519 1383 1674 1697 1833 1596 1722 1485 1596 1405 1269 1569 1220 1314 1078 960 1054 1232 715 852 1227 1850 1381 1459 1596 1179 1253 1002 1612 1106 1390 1504 1430 1017 771 1111 1268 1110 1331 1318 978 1385 1236 970 964 824 
1300 1559 1095 1353 1313 1327 1254 1443 1593 1375 1431 1287 1314 1398 1627 1400 1593 1254 1270 1457 1324 1148 1189 1367 1120 1225 978 834 1117 1257 603 568 898 1324 1179 1043 1297 1334 1261 894 1214 923 1053 1095 996 940 833 1031 807 914 1091 1421 1007 1245 1071 687 806 689 
1004 1708 1053 1309 1229 1180 1371 1288 1361 1266 1192 1278 1235 1220 1488 1397 1258 1257 1072 1455 1097 1235 1017 1383 1002 897 791 987 907 1212 659 819 857 1292 1257 1029 1224 1168 1074 1033 1088 688 902 762 930 757 757 882 998 965 1038 1310 827 1044 857 832 831 805 
1336 1876 1195 1358 1268 1130 1136 1242 1409 1295 1227 1208 1467 1168 1280 1190 1158 1194 1079 1167 1205 1247 1396 1169 1105 946 789 972 1188 1403 1014 815 1512 1500 1296 985 1370 1292 934 885 1298 1004 977 1059 1161 774 819 940 821 1070 1282 1339 992 1290 908 1048 957 783 
998 1894 1239 1447 1384 1169 1452 1239 1391 1288 1271 1248 1374 1349 1353 1405 1339 1401 1480 1483 1459 1270 1063 1430 1193 1154 902 811 1157 1324 593 888 925 1580 1247 1167 1357 1375 1108 1004 1453 1183 1092 1199 1063 872 815 1096 1073 893 1264 1116 1035 1231 1055 967 936 789 
1298 1954 1146 1314 1342 1349 1681 1438 1523 1435 1605 1328 1530 1397 1561 1421 1650 1455 1556 1547 1441 1531 1527 1573 1498 1064 968 899 1299 1551 809 831 1357 1708 1517 1431 1528 1137 1175 891 1119 892 985 1289 968 784 678 996 983 844 1176 1275 1006 1021 939 1001 956 932 
923 1625 1180 1261 1139 1130 1222 1195 1258 1229 1255 1208 1479 1329 1244 1256 1320 1250 1205 1187 1284 1312 1134 1174 1076 1040 780 872 1191 1255 819 650 1138 1414 1094 1037 1190 961 968 799 1002 734 1009 1114 1023 767 692 903 982 917 893 1130 985 1028 896 1067 934 877 
884 1889 1306 1337 1280 1166 1299 1339 1496 1178 1267 1242 1351 1153 1309 1431 1231 1285 1384 1327 1461 1394 1347 1410 1202 1022 874 812 1265 1737 1009 921 1071 1687 1444 1075 1287 1309 1129 976 1179 855 1155 1478 1291 818 932 1389 988 1051 1202 1352 1011 1144 1001 1122 866 738 
1107 2293 1360 1459 1387 1322 1456 1458 1632 1323 1413 1298 1327 1338 1492 1377 1382 1290 1391 1450 1511 1457 1390 1478 1117 997 1241 1047 1583 1546 932 771 1437 1701 1473 1345 1278 1351 1203 944 1422 1002 1049 1205 1146 1023 864 896 1223 1159 1289 1295 1114 1302 1221 1183 1033 853 
1003 2026 1218 1321 1422 1191 1451 1464 1390 1354 1318 1531 1354 1233 1524 1457 1285 1319 1383 1181 1391 1434 1278 1349 1344 904 1030 880 1276 1492 961 846 1263 1451 1299 1236 1172 993 969 993 1294 983 951 1198 954 879 830 893 986 1009 1188 1346 863 1172 925 966 1058 685 
960 1818 1336 1412 1441 1068 1190 1299 1481 1304 1303 1418 1326 1420 1512 1489 1362 1225 1574 1329 1300 1402 1356 1453 1333 1000 852 1075 1502 1683 1120 930 1051 1409 1127 1090 1339 1418 1048 1137 1282 1106 987 1197 966 1083 947 994 1022 1003 1057 1337 1001 1056 1055 926 989 577 
1023 1955 1416 1502 1732 1224 1370 1614 1362 1341 1291 1495 1284 1412 1613 1308 1447 1467 1336 1448 1308 1288 1236 1284 1120 1141 954 904 1448 1381 881 803 1055 1174 1022 1155 1233 1190 1122 934 1226 1054 1084 1086 893 929 928 1210 1099 1263 1239 1511 1034 1173 1299 1015 1074 779 
998 1788 1313 1659 1503 1134 1234 1518 1186 1223 1311 1463 1289 1511 1540 1419 1461 1210 1330 1244 1337 1347 1337 1405 1442 1255 899 975 1628 1375 959 738 1546 1332 1306 1057 1162 1386 1112 1148 1151 1145 1351 1569 1002 1026 1026 979 1036 1099 1033 1559 1086 1227 982 1244 1083 644 
1020 1657 1319 1335 1477 1216 1454 1470 1201 1298 1350 1279 1329 1393 1403 1320 1327 1216 1329 1316 1328 1164 1224 1489 1333 1216 918 1015 1505 1208 940 876 1323 1468 1339 1053 1416 1015 1306 1235 1389 993 1111 1269 997 1031 1302 1194 1181 1165 1188 1567 855 1204 1181 1027 821 539 
1259 1666 1238 1363 1770 1387 1425 1592 1399 1523 1457 1664 1644 1408 1458 1363 1643 1364 1372 1378 1625 1267 1362 1331 1358 1269 888 1026 1493 1397 911 919 1137 1540 1084 1146 1289 1242 1019 922 1119 1009 1049 1106 934 930 861 980 1091 1439 1158 1413 1161 1147 1113 1265 976 924 
861 1792 1297 1388 1487 1404 1475 1290 1419 1299 1080 1445 1494 1222 1635 1364 1432 1556 1302 1275 1282 1121 1326 1505 1241 999 723 922 1617 1193 825 855 1102 1296 1464 1186 1145 1424 842 950 1190 935 1182 1316 911 841 832 1040 822 1287 1000 1504 1003 1139 1046 1304 1217 939 
1025 1708 1589 1435 1910 1254 1475 1337 1554 1386 1404 1405 1627 1380 1471 1481 1477 1573 1362 1698 1484 1234 1339 1561 1342 1201 922 1081 1737 1232 915 873 939 1444 1207 1279 970 1176 1064 1252 1272 1037 1020 1533 1317 819 983 1061 1128 1236 1090 1461 1048 1036 1066 1021 949 594 
1132 1555 1185 1089 1369 1384 1289 1298 1454 1218 1086 1424 1516 1268 1456 1326 1354 1467 1349 1431 1404 1223 1281 1380 1410 1178 756 844 1548 1317 787 1036 1126 1568 1198 1096 1411 1244 1083 1319 1242 1019 1099 1048 988 875 1141 973 792 1138 1292 1484 1110 1079 1125 1221 1145 1134 
1141 1497 1266 1268 1311 1282 1411 1116 1162 1045 1167 1250 1153 1191 1335 1188 1256 1127 1239 1422 1439 1197 1217 1238 1261 1051 607 882 1468 1007 820 728 1294 1644 1088 947 973 1054 934 1134 989 916 1170 1158 1001 827 815 946 755 874 764 1198 962 895 1041 1003 876 567 
416 803 565 700 764 746 868 890 743 727 916 1085 1009 922 1118 859 874 1079 901 1086 1059 1113 971 821 1028 935 436 824 1485 1014 716 740 859 1232 962 786 1022 1046 974 728 865 949 1177 1134 1199 772 761 779 1073 1237 1187 1417 1142 1110 929 939 975 664 
627 966 788 483 630 803 1024 626 941 844 520 645 973 902 673 616 885 612 575 1103 1062 696 617 916 838 569 470 676 951 968 747 696 1132 1092 1263 942 889 838 668 1124 998 1197 980 1031 888 893 806 666 589 1050 745 873 969 1069 964 1139 924 776 
402 311 260 291 323 331 389 337 276 315 302 348 278 270 339 291 333 321 329 360 362 322 364 354 409 320 192 277 596 502 368 393 487 754 559 455 487 546 453 436 483 502 497 542 454 381 446 432 316 415 442 648 405 464 449 506 496 482 
