0 186 186 188 188 188 190 199 186 186 186 191 186 190 186 186 186 186 188 191 190 186 188 186 186 191 191 191 191 188 186 186 186 191 188 186 188 186 197 186 191 195 190 188 191 190 188 191 186 188 188 188 195 190 186 191 193 193 
232 247 252 258 245 248 261 260 278 265 263 267 250 261 261 258 234 258 232 258 269 248 254 263 247 250 247 219 215 197 186 193 186 193 199 186 197 191 190 188 197 186 202 217 197 210 197 214 202 206 197 201 206 195 208 204 195 195 
199 258 287 269 265 274 295 269 291 263 283 304 278 282 298 265 267 285 254 276 272 254 274 276 282 252 260 237 215 199 195 190 193 188 197 197 201 197 191 208 201 202 199 199 195 204 221 193 199 214 206 219 202 214 219 210 226 199 
226 278 272 271 278 293 276 278 295 272 306 283 293 282 298 296 296 276 287 280 295 293 287 241 274 261 247 236 208 195 201 190 208 208 199 204 210 201 204 210 221 219 219 234 223 226 208 226 217 223 215 234 212 223 214 232 226 193 
245 256 280 274 293 282 296 300 283 276 302 302 293 298 302 293 278 289 296 293 293 285 291 269 280 287 265 250 230 204 195 191 199 217 206 210 219 212 225 215 228 217 234 223 225 232 239 234 230 239 215 223 230 226 237 232 226 210 
263 265 298 287 295 283 291 309 304 306 306 293 306 309 289 287 295 291 291 287 293 302 287 285 285 267 248 241 217 214 191 197 208 217 225 230 230 228 232 219 228 226 236 232 230 225 221 237 236 250 239 241 228 234 245 232 225 201 
245 248 291 300 293 283 283 306 304 302 318 304 302 307 304 300 291 333 309 291 291 293 283 302 278 295 272 252 215 219 191 201 201 202 221 226 223 236 232 234 239 230 217 232 232 232 241 226 250 261 250 260 241 245 237 260 230 226 
260 280 296 289 295 296 313 298 304 318 320 307 309 295 317 317 320 296 313 283 291 287 280 293 283 296 272 237 221 202 188 199 212 232 225 245 247 226 234 226 243 243 247 245 247 239 223 252 258 252 247 241 247 247 263 243 232 223 
250 267 289 291 315 298 300 298 326 298 309 289 307 313 313 320 313 287 298 298 287 282 295 295 289 298 276 237 226 212 190 190 208 221 228 225 237 250 245 237 236 239 237 234 234 250 248 254 239 245 248 267 263 260 267 228 237 212 
221 283 293 298 306 300 317 300 324 326 306 313 304 324 320 333 300 309 291 324 283 300 289 315 293 287 265 267 221 214 201 210 208 225 241 234 230 248 248 260 239 228 243 236 250 256 252 254 258 272 260 283 260 248 250 247 248 239 
247 295 307 313 315 306 289 304 302 306 291 317 326 307 304 324 296 304 302 295 291 296 300 283 289 269 248 250 230 219 215 202 232 223 248 239 250 261 228 232 247 248 226 230 248 237 237 248 234 260 263 260 263 256 250 256 241 223 
195 282 296 300 320 289 322 304 304 318 296 317 300 320 295 302 304 304 315 307 315 293 278 296 293 304 274 234 225 214 188 214 208 230 237 237 237 252 234 232 239 241 226 232 230 247 248 263 258 245 260 243 261 256 272 250 247 223 
248 283 293 296 307 306 313 295 304 300 322 304 307 298 304 296 315 296 302 304 291 296 307 309 298 269 263 237 230 219 202 206 223 225 243 260 245 243 245 225 232 236 237 241 237 234 228 248 260 250 261 252 256 248 260 260 252 237 
190 283 317 313 313 318 315 311 304 331 322 315 322 322 291 300 315 311 328 311 320 318 311 296 289 304 272 254 243 219 204 204 219 236 230 241 237 241 241 245 232 239 252 245 260 243 232 250 256 260 241 258 260 250 261 256 250 234 
186 280 326 324 320 306 311 322 318 304 333 315 318 309 296 326 300 313 313 309 318 315 318 309 300 293 274 250 239 232 212 212 202 236 239 230 236 241 236 232 232 225 243 254 261 237 245 274 241 256 254 256 258 261 254 267 237 210 
191 296 318 311 309 328 322 311 322 318 318 320 313 317 317 315 326 311 315 322 333 326 320 324 295 295 311 269 258 236 217 202 225 250 241 241 230 239 237 226 241 234 230 237 248 245 243 239 267 258 260 252 254 267 263 260 250 223 
202 304 335 320 324 317 320 322 315 313 326 348 331 311 320 337 311 313 326 311 329 328 309 311 315 276 289 256 241 234 225 210 221 236 239 248 236 232 230 250 243 248 237 241 241 237 245 248 250 261 265 263 247 260 250 247 250 206 
188 282 335 322 322 311 306 306 337 324 331 335 326 341 329 342 324 306 337 317 309 326 337 322 326 295 278 272 265 243 226 210 206 225 221 226 245 260 237 252 245 243 230 237 248 243 252 243 247 247 252 263 269 254 261 241 256 188 
188 291 324 313 333 320 324 328 331 344 337 348 331 344 355 322 328 344 328 337 317 317 318 309 306 304 298 274 269 243 215 217 217 225 223 245 247 243 241 230 239 248 241 234 241 239 245 265 258 272 256 260 260 258 276 250 258 215 
188 274 328 357 324 352 337 335 337 342 335 355 328 355 344 333 339 331 329 313 317 328 326 328 335 313 291 269 247 234 212 204 241 221 234 232 239 254 245 248 236 252 258 261 241 247 260 245 261 260 247 272 265 276 258 267 256 199 
202 278 322 329 324 350 346 329 335 342 368 346 348 346 353 353 335 328 329 318 315 315 313 337 329 320 298 282 265 228 215 215 226 226 250 232 254 236 260 241 252 239 237 236 247 250 269 254 260 261 260 267 250 271 283 247 239 190 
265 278 320 326 348 355 328 337 329 350 355 361 357 344 344 339 359 337 331 331 352 315 329 318 324 329 304 283 252 232 219 223 217 230 225 247 241 263 247 241 256 261 247 245 258 243 241 252 256 282 263 256 269 276 260 267 250 228 
191 289 326 344 329 353 350 326 355 368 339 348 352 328 346 337 333 348 337 326 329 328 331 333 326 296 289 271 256 226 210 212 215 223 256 254 237 258 236 237 256 245 254 256 247 250 248 260 252 269 250 272 250 261 247 256 254 228 
188 278 324 304 346 320 342 324 352 342 355 331 346 342 326 333 339 348 320 350 342 331 309 328 318 307 309 282 256 215 210 219 202 226 239 241 221 243 239 241 252 267 241 265 276 239 248 252 256 258 252 254 254 258 267 248 243 186 
247 293 302 309 324 350 342 331 342 320 326 352 341 331 318 333 331 350 342 337 333 331 315 317 317 306 298 265 241 228 206 215 208 236 225 237 241 241 239 258 243 250 256 237 245 245 267 248 245 256 260 267 256 258 247 250 247 239 
243 283 306 318 318 331 344 304 320 331 348 326 341 339 313 326 315 311 315 320 341 317 306 311 315 300 306 289 247 223 221 208 228 247 232 237 234 241 237 250 236 230 258 248 248 263 250 256 245 243 234 247 250 250 256 241 243 208 
193 276 278 296 293 291 307 304 313 282 326 320 320 309 307 295 276 328 289 304 298 315 295 283 311 287 245 260 228 206 193 202 204 221 223 210 221 221 226 219 219 239 241 237 248 225 223 215 241 247 237 228 234 237 221 223 225 199 
195 245 250 188 197 260 276 193 289 256 191 195 260 267 195 197 230 191 193 267 248 199 186 247 217 199 236 217 188 195 186 188 197 188 210 199 190 195 193 215 208 225 202 199 197 217 199 191 193 214 195 186 204 212 197 210 201 188 
214 186 188 193 197 223 197 193 188 204 201 191 195 186 186 195 188 191 197 191 195 191 186 199 208 188 193 190 186 191 188 195 186 214 186 188 186 191 199 190 188 191 193 186 190 188 186 190 188 188 186 201 188 188 186 191 186 190 
