0 7531 5367 5682 4558 4533 4253 4425 4223 4247 4864 4293 4221 3447 4677 4297 3734 4048 3911 4007 3715 4076 4283 4429 4117 3648 4179 3904 3485 3376 2404 3166 4344 4164 3148 3701 4167 3117 2930 3295 3472 2788 3557 3423 3464 2815 2917 3135 3069 3010 3021 3235 2000 3232 3014 2586 2345 1903 
1341 10141 8918 8532 7485 7996 7635 8102 7213 7331 8257 7930 8043 6809 8299 8094 7562 8310 7811 7947 7194 7807 7809 7292 7860 6856 7702 7393 7160 8098 6041 7180 8452 8084 6187 7487 8086 6583 7121 6999 8014 6515 7941 6687 7639 6309 6684 6616 6542 6579 6241 6766 4825 7320 5755 4801 4405 2200 
939 5723 5003 4911 4836 5128 5138 5475 5218 4961 5207 4726 5201 5236 5526 6367 5848 6561 6271 6824 6801 6886 6524 6544 6779 5801 6828 6785 7863 8767 5869 6536 6725 6389 5145 5922 6085 5652 5825 5218 6289 4584 5820 4884 5619 5032 5056 4891 5024 5068 4323 4862 2957 4688 3331 2465 1844 989 
1119 8463 7152 7559 6586 6694 6699 6993 6522 7239 7544 7172 7346 6810 7294 6845 6382 7069 5867 6398 5320 5471 5310 5328 5228 4273 4895 4594 5365 6469 4240 4802 5353 5915 4814 6381 6535 5690 6202 6164 7673 5581 7543 5828 6840 5894 5909 6178 5692 6163 5739 6504 4085 7245 5668 4627 3932 2061 
1295 8846 6840 7294 6388 6927 6528 6498 6438 6842 6997 6459 6739 6446 6783 6845 6402 7036 6007 6625 6688 6888 6701 6768 7245 6237 6907 6617 7344 8016 5524 6733 7336 7263 5879 7161 7766 6765 6842 6563 7829 5844 7272 6319 7061 6343 6606 6741 6288 6832 6466 7206 4908 8193 6357 5264 4475 2272 
1164 8889 6379 7221 6333 7390 7128 7019 6287 6555 7106 7191 7388 7286 7507 7599 7004 7886 7075 7352 6828 6747 6728 6714 7052 6039 6817 6282 6609 7543 5277 6317 6653 6566 5338 6315 6362 5688 6055 5642 6891 5156 6768 6105 6469 5808 5939 6424 6445 6631 6567 7450 4865 8361 6666 5478 4589 2512 
1146 9052 6795 7141 6702 7772 7548 7452 7653 7402 7413 7488 7487 7299 7346 7184 6593 7149 6439 7350 7118 7316 7084 6979 7026 6979 7298 6586 6881 7644 5539 6536 6627 6971 6244 7466 7903 6512 7034 6448 7580 5376 6567 6422 6269 5605 6189 6071 6107 5847 6525 6814 4670 7364 5882 4198 3821 1611 
1029 8568 6472 7506 7029 7486 7018 7124 7769 7070 6979 7020 8135 8105 8009 8325 8221 9058 8006 8517 8334 8241 7885 8283 7950 7075 7176 6538 7074 7617 5772 7127 6949 7633 6692 7347 7196 6730 7392 6249 7300 5982 7694 7174 7310 6620 6466 7030 7338 7325 7418 7546 5666 8168 5815 4800 4043 1686 
1196 9410 6317 7728 6574 7397 7686 7337 7803 7524 8162 8048 7973 7905 8259 7733 8068 8420 7620 7899 7398 7511 7424 7270 7398 6946 7050 6369 7279 7752 5396 6237 6769 7236 6131 6886 7580 6732 7457 6613 8344 5774 7708 7257 6402 6036 6654 6863 6418 6439 7098 7386 5461 8072 5794 4658 3947 1966 
1239 8432 6443 7392 7075 7394 7992 7403 7590 6915 7335 7384 8248 7964 8270 7766 8009 8307 7271 7819 7214 7151 6914 7267 7077 6279 6439 6020 6490 7072 5557 6622 6028 6888 6575 6735 7443 6733 7263 5605 6762 5033 6217 5197 5960 5653 6147 5958 6385 6233 6384 6558 5274 7713 5630 4599 3615 1371 
1093 8262 6110 6627 6717 7030 7606 7207 7940 7245 7687 7170 8404 7923 8152 7530 7387 7924 7295 7242 7142 7365 7486 6681 6986 6650 6895 6301 6970 7694 5760 6451 7049 7492 5849 6491 7372 5900 6096 6424 7580 5602 6694 6808 6376 5533 6646 7346 6355 6486 7253 7129 5415 7982 5773 4749 4174 1642 
1735 8746 6212 6677 6325 7088 7660 6774 7404 6659 7455 6431 7929 7866 7345 7686 7376 7680 7217 7530 7197 6800 6320 7350 6871 6264 6594 6617 6450 6779 5286 6409 6303 6972 6507 6989 7527 6978 7348 6717 7877 6318 7107 6641 6690 5930 6396 7264 6972 6611 6591 6743 5717 7283 5356 5242 3945 1632 
1166 8524 6076 6781 7070 7247 8377 7688 8216 7324 8011 6983 8522 7680 8133 8079 7386 8012 7934 7550 7186 7796 7810 6967 7465 7157 7359 6712 7201 8483 6220 6654 7777 7587 6664 6957 8032 6204 6850 6591 7341 5435 6750 7311 5898 5412 6268 7274 6332 6330 6606 6889 5450 7038 5425 4874 3786 1554 
1439 8421 5510 6302 6432 6850 7618 6899 7808 7046 6817 6551 8308 8225 6883 7142 6986 7318 6789 7144 7359 6944 6559 7253 7058 6218 6830 6035 6772 6985 6350 6186 7018 6945 6536 6292 6827 6104 6800 5380 6664 5366 6760 6154 5967 6002 5806 6146 6594 6690 6261 6641 5861 7542 5616 5390 3833 1419 
1526 8745 5330 6358 6710 6655 7747 7111 8044 6656 7001 6908 7331 6992 7405 7551 6461 7104 7234 6856 6884 7516 7257 6810 6981 6820 6927 6102 7404 8069 6237 6348 7658 7455 6779 6906 7849 6134 6888 6420 7365 5445 7378 7465 6541 6207 6917 7598 6571 6644 6859 6863 5684 7060 6102 4859 3835 1744 
1410 8034 5751 6461 6960 6593 7288 7437 7847 7234 7095 6763 7494 7615 7289 7251 7140 7196 6798 7333 7487 6905 6651 7386 6811 6068 6926 6144 6771 7239 6130 6741 7060 6926 7052 6503 6946 6696 7572 5372 7058 6046 7413 6920 6414 7001 6382 6861 6912 6478 6913 7148 5947 6904 6049 5186 3653 1391 
1120 7459 5107 6185 7043 6369 7579 7540 7789 7068 7316 7458 7797 7462 8238 7616 7339 7337 7308 6773 7128 7755 7232 6572 7029 6508 7053 5845 7320 7691 5623 6180 7386 7014 6514 7102 6996 5867 6422 6026 6900 5251 6591 7272 5819 5961 6632 7114 6170 6179 6717 7192 5761 7031 6143 4841 3536 1674 
1154 7900 5363 6277 7227 6648 7535 7638 7286 7586 7501 7509 8469 8695 8888 7876 8601 7367 7874 7920 7823 7380 7148 7716 7667 6460 7312 6467 7055 6655 6598 7005 7149 7008 6749 6674 6332 7168 7252 6343 6664 5916 6624 7057 6110 6795 6429 6839 6746 6361 6616 7275 5419 6787 5553 4925 3234 1678 
1295 7111 5931 6217 7742 6620 7877 8471 7498 7467 7531 7887 8540 8856 9331 8325 8605 8777 8575 7896 7395 7770 7679 7152 7009 7460 6021 5423 6838 6749 5347 5987 6705 6437 5824 6978 7050 6349 6433 6454 7097 5252 6486 6937 5413 6074 6704 7170 6407 6328 6937 7729 5347 6878 5692 4559 3149 1378 
1195 7166 5788 6001 7548 5933 7303 7838 6280 6919 7599 7619 8840 9257 8573 8256 8635 8019 8223 8048 8068 7796 7599 7883 8047 7815 6710 6343 7448 6168 6126 6608 6641 6412 6591 6491 6672 6347 6980 6492 6639 6079 6884 6746 5628 6691 6529 6611 6200 6786 6100 7385 5909 6081 5118 4507 2891 1412 
1017 7199 5540 6182 8262 6034 6770 7560 6841 6817 6533 6992 7196 7644 7775 7107 7710 7767 7919 7320 7321 7099 7391 7448 7946 7567 6120 5467 6944 6364 5711 6173 6995 6592 5696 6940 7352 6099 6311 7103 7333 5946 7142 7195 5752 6715 7593 7636 6178 7072 6732 7557 5760 6243 5126 4582 2942 1577 
651 7113 5819 6255 7467 6483 7954 7505 7833 7764 7189 7753 8235 8592 7760 7433 7429 7522 7493 7826 7957 7252 7654 7610 7861 8102 6123 6393 7357 6219 6006 6431 6710 6666 5877 6903 6544 6304 6440 5775 6196 5760 6306 6050 5830 6569 6447 6709 6660 7153 6381 7298 6064 5646 5639 4719 3010 1151 
1451 7116 5719 6133 7337 6006 6300 6622 6383 5908 6011 6991 7145 6875 7545 7108 7196 7287 6838 6790 6714 6518 6982 6981 7624 7573 5664 5411 7771 6211 5091 5985 6818 6548 5776 6541 6905 6205 5232 6511 6398 5361 6578 6700 5459 5931 6806 6970 5664 6688 6321 7303 5888 6527 6206 4831 3090 1380 
1635 7353 6773 6455 6897 6326 6313 5700 6372 6189 5684 6778 7013 6738 6843 6748 6499 6679 6389 6722 6564 6233 7076 6677 6953 7168 5763 6247 8193 6453 5721 6356 6343 6535 6207 6570 5902 6441 6381 6257 6016 5811 6882 6707 6405 6400 7167 6858 6342 6997 6211 7469 5698 5468 5274 4629 2881 1666 
860 6384 5831 5458 6135 5358 5615 5477 6096 5860 5700 6175 6312 6017 6601 5969 5862 5894 5905 6025 5827 5830 6407 5928 6919 7317 4714 5585 8141 6437 5323 6410 6949 6769 5575 6470 6923 5888 6111 6714 6185 5040 6421 6631 5634 5503 7246 6776 5091 6457 6305 6821 5536 5882 6116 4794 3106 1368 
960 6874 6067 5300 5987 5313 5326 5408 5565 4794 4769 5813 5063 5177 6066 5558 5367 6044 5874 6205 5702 5842 6316 5750 6633 6507 4347 5297 8257 6058 5521 6031 6600 6373 5628 5974 5968 6105 6176 6318 6037 5428 6176 5915 5604 5363 6294 6234 5162 6420 5686 6655 5304 5424 5295 4623 2845 1290 
800 4076 3556 3160 3410 3441 3571 3502 3434 4139 3431 4207 4176 4286 4450 4121 4980 4104 4449 4900 4845 4487 4942 5006 5357 5860 4631 6499 10105 7100 6348 6824 6631 6704 6388 6807 7299 7820 7061 7252 7315 6453 7881 6978 6930 7063 8813 8624 6958 8569 8133 9845 7474 7126 6906 5516 3397 1687 
850 3437 3070 2729 3107 2540 2224 2902 2018 2536 2560 3192 2534 2132 3149 2859 2934 3161 3189 2904 3087 3576 3703 3090 3866 4004 2393 3209 4040 2205 2828 4169 5009 5136 4356 4628 4699 4598 4531 4788 4754 3994 5296 5187 4302 3242 4730 4783 3651 4154 4667 5458 3895 4118 4497 4122 2979 1969 
47 231 149 109 123 66 121 137 97 90 72 139 80 91 110 95 118 125 111 136 121 147 181 97 111 158 98 130 173 70 77 109 216 137 186 165 201 197 128 168 275 218 210 263 206 136 139 184 153 157 141 177 185 172 202 233 266 199 
