51 53 62 52 52 53 52 53 52 57 52 61 59 59 69 61 60 53 73 57 55 64 53 52 62 57 53 53 53 53 53 65 79 52 56 52 53 53 53 70 53 52 59 53 87 77 56 55 57 54 54 56 53 69 52 59 52 52 
53 52 52 54 53 54 53 55 52 52 53 57 53 53 52 59 54 55 55 55 52 55 56 56 58 53 53 52 54 53 53 59 53 52 66 55 66 52 55 65 55 74 55 70 53 71 65 57 73 60 69 63 55 68 52 73 64 55 
52 52 58 58 62 62 66 70 68 69 68 73 69 68 66 63 69 68 71 73 68 71 66 71 68 72 73 64 59 58 67 66 75 79 77 79 77 80 75 79 80 84 88 85 86 79 84 84 81 84 80 85 84 82 89 86 82 57 
52 57 63 68 67 72 72 73 77 78 78 80 76 76 74 75 73 75 76 80 80 78 79 78 83 79 77 69 65 67 73 79 84 87 87 84 84 85 87 90 92 91 93 91 95 93 93 90 90 92 92 91 92 90 91 90 87 57 
53 57 65 71 72 75 76 75 77 81 82 80 81 79 81 79 82 84 84 84 87 87 86 84 88 82 78 75 70 68 77 79 90 92 87 87 88 90 92 96 94 98 98 97 93 96 97 93 95 95 98 95 96 99 98 93 85 78 
52 57 66 71 75 78 78 81 80 84 80 82 83 82 84 84 83 85 88 90 89 91 90 87 89 87 83 77 73 72 75 81 89 88 89 93 93 93 95 94 96 98 98 98 102 101 100 101 103 99 98 102 99 97 100 95 90 67 
52 62 67 71 75 78 75 83 84 85 83 86 86 82 84 84 89 90 89 89 94 91 94 93 93 85 84 80 71 71 75 80 85 92 90 96 93 94 98 96 98 99 101 103 100 104 102 102 104 99 105 105 107 107 102 97 90 79 
52 60 68 72 73 78 82 84 84 84 85 88 86 85 86 89 87 87 91 91 93 94 96 95 91 90 84 79 73 71 75 78 82 91 93 97 92 93 93 99 100 102 103 101 102 103 103 104 102 105 104 103 109 105 101 101 91 78 
53 63 70 72 76 78 83 83 82 84 87 86 86 85 87 89 89 89 91 96 92 100 96 94 96 90 85 80 73 71 76 76 86 88 91 91 95 93 98 100 99 102 102 102 103 104 105 111 105 105 105 106 103 103 106 101 91 84 
53 66 70 75 80 78 82 82 85 83 82 85 85 85 86 86 88 91 96 95 99 98 98 95 93 90 89 80 72 71 73 78 82 88 93 93 95 94 96 98 98 98 102 100 105 106 107 107 108 109 109 109 105 106 103 98 92 82 
55 63 71 75 80 83 82 82 83 85 80 80 81 80 84 84 88 91 96 93 96 97 98 98 95 93 86 80 74 70 72 76 82 91 92 93 93 96 96 97 98 99 101 100 103 105 109 105 105 105 105 111 110 104 105 100 93 75 
53 62 69 74 78 84 82 84 82 84 82 84 86 83 83 86 89 89 93 92 95 98 97 98 94 95 84 80 76 69 71 75 84 87 89 92 91 98 97 95 98 102 101 102 107 101 109 105 106 104 104 105 107 104 105 100 91 83 
55 64 73 76 78 82 82 85 84 84 82 82 82 83 84 84 91 93 93 95 96 96 96 95 93 91 85 77 76 71 71 77 80 87 89 93 91 96 97 98 100 103 100 104 102 109 104 104 107 106 105 106 105 104 101 98 90 81 
54 65 71 76 82 80 82 84 86 85 83 83 83 82 84 89 89 92 94 97 93 93 95 95 94 89 84 79 73 70 71 77 80 87 88 90 95 93 98 98 99 98 102 99 102 104 105 104 110 105 103 106 102 107 100 98 90 80 
54 64 71 74 80 82 83 84 83 85 84 80 81 84 83 87 89 89 92 97 95 96 95 96 90 92 87 78 73 71 69 77 83 86 87 90 94 94 93 98 100 100 98 96 100 105 106 107 106 107 108 106 106 102 103 100 96 78 
57 64 73 77 79 82 80 86 83 82 84 82 84 85 84 84 92 92 93 95 96 96 93 95 95 91 87 82 73 70 70 75 81 84 88 88 91 96 94 95 96 95 98 100 98 102 104 106 101 102 102 102 102 102 101 97 95 80 
55 62 71 77 79 82 84 80 83 83 84 84 86 84 87 89 91 93 90 94 95 95 93 94 92 89 86 78 71 69 71 78 82 86 90 93 93 93 98 96 97 95 98 98 100 100 104 102 104 102 103 104 103 102 100 96 92 80 
54 64 69 75 79 81 81 83 82 84 84 83 84 89 88 89 94 91 96 95 95 96 93 95 91 89 86 74 70 68 69 78 80 84 87 91 90 91 93 95 97 96 95 98 96 100 102 102 101 104 101 102 103 104 100 95 89 77 
53 62 68 72 78 81 80 81 85 84 86 85 86 87 90 91 92 94 98 94 96 95 91 92 96 91 89 80 69 66 70 75 79 82 89 90 89 92 94 93 95 95 93 97 98 100 101 102 102 106 102 100 104 98 99 95 90 60 
53 62 68 73 76 77 80 80 84 84 88 86 87 87 91 90 91 91 93 93 97 96 95 93 94 93 85 76 68 64 69 75 78 86 86 86 91 91 93 96 93 95 100 96 97 97 100 100 101 100 99 100 100 98 98 94 89 69 
52 59 66 73 73 75 78 78 84 81 85 86 87 87 86 89 91 94 96 95 96 96 94 93 93 90 85 76 67 64 70 75 78 81 85 88 87 91 92 94 96 96 100 99 102 98 102 98 102 101 99 98 96 100 95 94 89 60 
53 60 66 73 75 75 78 78 82 80 84 85 83 87 89 92 89 89 91 95 94 95 91 94 95 87 87 77 66 64 65 76 78 82 86 84 86 90 89 92 94 93 97 96 97 100 100 100 98 99 97 97 97 97 96 90 82 59 
52 59 66 71 73 75 76 79 77 81 84 82 84 85 86 84 93 93 93 93 93 93 90 91 91 86 84 76 66 64 69 70 76 82 82 87 84 89 89 88 89 93 94 93 96 98 95 95 95 95 93 94 96 93 92 93 81 57 
52 58 64 68 69 73 75 73 77 78 80 82 82 84 83 84 86 88 88 91 89 88 87 89 87 85 80 75 67 64 66 69 76 79 80 82 84 85 86 86 88 90 93 94 92 93 89 93 92 93 91 93 93 93 89 89 80 54 
52 55 66 67 69 69 71 72 75 75 77 78 80 79 82 84 82 84 85 85 90 84 87 86 86 86 80 75 66 62 67 69 75 77 78 77 78 80 80 84 87 86 87 89 87 89 87 87 89 87 89 89 88 88 89 85 80 57 
52 53 62 63 64 67 68 70 69 71 72 74 73 71 76 76 78 80 79 82 82 80 84 80 84 82 76 69 62 62 63 68 69 76 76 75 79 77 80 82 78 81 84 83 83 83 81 84 82 80 80 81 82 84 83 80 74 62 
52 52 55 59 61 62 61 66 65 66 66 68 68 68 71 71 70 71 73 73 75 75 73 75 79 78 71 66 58 56 59 66 67 71 71 70 73 70 71 71 76 75 76 76 75 75 77 73 74 76 76 74 75 76 75 74 71 58 
52 52 53 52 53 55 53 53 53 56 58 57 55 57 59 57 58 61 63 60 62 64 64 63 66 66 65 59 53 53 55 58 60 63 64 61 60 61 62 57 64 66 67 64 60 64 64 60 65 57 64 62 66 60 65 63 62 52 
52 53 52 53 52 52 52 52 52 52 52 53 52 52 52 52 52 53 53 52 52 52 53 54 52 52 52 53 52 52 52 53 52 53 52 52 53 52 53 52 53 55 55 52 52 54 55 53 52 53 52 52 53 52 53 52 52 52 
