0 68 75 76 70 76 59 75 74 83 91 93 90 79 83 107 81 72 93 74 81 93 71 80 80 57 48 75 92 116 64 204 594 73 75 34 67 50 48 207 44 31 69 32 576 234 41 35 37 35 42 49 23 107 18 49 16 45 
52 69 85 96 96 85 80 110 110 105 153 128 119 107 107 174 139 172 138 151 154 137 166 174 122 96 63 123 146 140 43 54 56 54 142 56 126 53 55 96 50 199 52 142 50 95 74 42 147 61 114 81 46 73 42 100 45 32 
92 98 105 102 95 110 86 76 90 104 126 89 116 96 125 125 116 106 97 92 120 91 115 99 105 72 52 85 92 86 68 102 229 281 197 176 204 201 116 159 162 194 202 194 196 82 103 126 130 132 110 149 114 94 146 117 76 39 
123 122 159 154 131 119 102 106 107 102 102 95 101 133 125 122 164 149 135 107 129 127 102 167 102 84 79 135 157 136 115 303 548 566 433 302 353 280 305 428 394 344 349 353 349 240 299 241 223 299 334 290 223 156 264 217 145 65 
142 136 167 172 140 115 120 121 137 117 137 98 154 133 124 118 145 119 97 116 114 86 103 104 96 54 54 123 129 138 195 263 601 734 405 333 418 353 371 503 414 432 470 469 381 287 321 269 308 265 404 268 278 265 305 203 108 220 
149 139 151 147 125 115 101 85 111 73 117 112 116 109 104 118 131 119 84 82 90 84 66 92 78 73 76 119 138 138 129 277 553 524 395 413 486 407 359 376 424 448 441 462 532 403 382 442 412 322 367 405 265 231 285 237 127 101 
109 125 132 174 110 91 113 68 94 79 104 104 114 118 101 86 104 76 93 103 95 84 86 75 72 56 73 105 151 115 145 290 398 571 439 415 443 355 421 413 444 411 406 569 448 330 318 346 393 297 340 342 297 296 302 226 118 190 
136 90 145 137 104 96 79 68 88 79 69 80 86 91 101 102 89 83 81 88 68 58 76 82 60 64 58 80 115 96 101 224 293 446 404 418 342 344 300 412 392 434 470 485 433 358 349 373 317 377 409 317 338 278 280 244 119 192 
124 107 116 118 100 70 67 65 67 79 94 75 71 82 67 52 50 71 63 64 64 60 58 54 62 43 45 73 109 68 140 143 304 357 308 229 316 289 290 326 313 335 335 348 335 241 281 365 269 234 238 255 188 158 233 141 78 204 
105 97 91 95 92 78 107 74 71 87 88 79 84 61 64 56 63 53 53 53 71 67 72 67 79 49 51 89 126 111 115 157 332 368 320 296 332 310 252 357 353 365 371 363 420 369 352 365 385 301 384 339 231 225 210 146 97 170 
116 89 105 116 75 95 93 77 85 70 97 98 100 92 106 77 86 92 72 76 94 77 69 89 66 58 73 109 147 122 132 160 339 476 369 322 379 375 316 381 432 405 402 413 433 296 447 375 394 299 317 412 341 262 270 183 96 121 
142 95 123 119 96 80 102 91 87 87 106 92 101 92 99 91 81 109 91 86 73 79 79 92 71 60 70 102 126 105 102 150 326 310 268 313 292 341 353 287 395 467 391 428 490 279 435 288 338 295 328 278 254 243 273 179 92 210 
89 57 87 73 71 66 60 48 70 56 53 88 76 62 76 62 73 51 40 55 72 51 59 49 51 35 44 71 98 81 64 134 142 226 212 225 196 228 236 223 238 327 226 348 232 244 173 228 228 249 209 219 163 152 196 127 66 138 
94 55 82 77 63 73 51 65 66 65 60 70 84 76 80 40 61 46 48 39 63 41 66 52 53 48 54 55 80 54 58 120 145 211 167 196 242 189 243 213 262 229 258 285 283 216 241 199 295 182 156 203 143 169 125 103 39 98 
93 70 77 73 64 75 47 59 54 42 58 63 71 59 55 54 37 37 44 42 35 28 32 32 48 42 32 58 86 71 47 116 168 205 162 144 188 178 158 188 231 223 186 234 192 173 203 211 222 217 185 221 160 110 140 134 72 121 
102 72 64 77 69 57 55 59 59 80 75 61 81 53 62 76 64 62 42 57 61 63 50 61 46 41 52 84 111 66 56 94 158 184 155 164 159 223 176 175 193 172 185 274 181 165 194 193 201 193 177 169 135 160 130 99 66 117 
116 70 95 104 107 79 87 89 86 101 83 78 95 98 98 61 88 54 74 66 61 70 66 66 63 61 47 75 125 78 75 151 199 236 208 255 250 224 255 236 255 242 274 325 278 213 246 229 273 206 239 250 196 168 178 97 82 143 
155 97 101 133 106 90 88 117 112 124 92 120 107 65 78 70 80 65 52 55 90 86 117 87 74 70 81 108 200 126 77 173 180 277 226 257 257 270 282 288 382 313 237 401 310 249 308 313 326 290 299 265 217 191 185 129 74 149 
109 114 95 129 135 96 98 107 83 104 114 116 114 115 109 87 109 64 79 64 74 80 70 66 79 54 68 98 140 109 86 122 192 242 262 213 213 227 238 224 267 273 188 301 241 159 217 214 241 256 237 176 204 125 151 109 98 49 
107 100 96 102 129 111 95 116 106 87 111 108 122 161 116 81 96 84 89 74 85 84 76 85 58 64 64 129 190 130 76 130 169 311 222 218 247 251 274 302 310 323 278 256 210 172 193 212 178 201 223 199 171 132 170 135 81 67 
145 133 120 163 167 132 116 142 122 142 146 135 138 137 142 128 114 98 100 100 110 86 76 90 72 71 70 137 208 142 87 172 228 267 238 273 247 325 247 318 358 337 362 360 356 244 298 279 313 261 261 249 199 213 173 162 102 62 
135 115 154 122 150 135 134 167 152 136 132 160 169 161 138 108 104 100 128 102 113 77 107 97 92 78 74 151 236 139 63 144 191 255 267 195 219 283 191 253 297 276 271 324 252 241 227 263 241 238 229 218 159 165 163 140 68 67 
112 115 125 135 129 115 139 124 140 107 110 136 144 135 119 153 87 110 93 113 96 79 87 93 90 109 65 163 177 159 74 97 151 264 242 213 224 283 209 226 239 274 254 252 278 214 155 214 174 189 199 199 161 160 146 154 58 53 
95 124 117 145 139 126 144 128 137 138 144 155 159 158 146 130 145 123 122 125 108 108 122 98 113 91 76 159 188 129 50 78 158 229 166 177 231 221 166 208 245 212 228 246 225 174 117 204 183 175 180 220 175 146 118 116 70 49 
134 106 150 132 147 135 165 162 158 139 152 136 157 151 130 104 141 116 117 152 106 124 133 114 105 88 68 156 161 180 61 90 142 233 168 146 168 161 130 162 221 212 147 179 188 146 114 140 172 136 151 161 141 109 139 116 66 51 
99 82 112 113 105 106 125 115 138 126 138 159 166 162 136 152 120 121 117 115 126 136 123 106 90 76 80 113 146 140 55 77 92 168 142 102 161 147 121 152 113 123 135 148 123 89 73 115 102 97 90 109 95 78 95 60 35 32 
75 54 62 95 78 85 79 86 85 95 106 83 89 78 93 81 86 90 102 92 95 71 99 80 62 62 72 104 103 108 51 48 83 74 85 51 99 77 61 58 77 80 73 73 81 45 58 42 58 57 72 50 65 55 59 36 39 30 
50 49 55 80 73 51 72 68 80 90 96 106 91 104 124 96 122 118 128 101 92 107 111 84 90 64 49 59 83 116 75 54 82 108 78 57 63 59 36 38 51 48 51 45 44 39 33 38 43 24 60 52 36 26 36 40 20 18 
106 117 137 139 137 109 142 109 167 120 162 149 150 172 177 164 144 172 171 165 178 171 182 171 174 183 115 200 257 324 199 223 238 294 232 179 192 178 142 156 182 177 196 152 190 157 132 163 121 136 144 157 171 153 117 100 100 116 
