0 82 92 83 93 81 88 81 122 88 82 81 81 91 89 86 85 85 82 83 88 81 81 81 90 82 98 81 81 212 115 88 110 89 87 102 94 86 247 84 101 89 85 87 81 85 85 85 87 83 85 83 118 94 94 116 84 84 
81 128 143 146 149 163 154 158 164 164 164 169 165 163 166 155 165 163 165 149 139 161 135 155 147 144 136 134 121 110 113 107 114 115 124 131 129 135 125 139 134 124 127 127 128 120 125 124 118 128 116 104 118 123 120 117 82 81 
83 152 156 163 164 168 167 163 177 178 175 192 184 186 181 182 179 179 187 172 163 163 166 163 163 157 143 145 135 134 131 138 138 136 150 143 140 148 150 151 153 151 149 144 142 136 135 139 135 131 140 140 133 131 132 134 96 83 
86 154 164 169 173 172 167 175 177 182 190 195 199 201 193 197 194 182 181 187 178 180 176 179 174 169 163 154 144 140 139 148 152 152 155 158 160 162 164 161 163 159 163 159 155 153 153 148 147 148 151 138 143 144 139 128 84 92 
89 157 170 178 177 186 190 192 194 187 196 195 197 197 202 194 201 194 199 194 197 182 187 179 177 172 170 154 147 152 150 147 159 161 169 170 171 169 171 173 170 169 166 164 151 157 157 155 155 162 153 158 149 150 145 140 98 82 
96 157 172 170 190 181 186 192 193 198 204 207 203 206 214 201 207 202 199 199 191 184 186 190 177 171 166 160 151 150 148 166 161 168 166 179 180 175 176 177 173 174 179 165 163 165 171 167 168 172 164 159 163 160 149 153 93 83 
95 151 172 184 179 191 197 192 194 206 205 216 212 205 210 202 205 206 203 194 193 192 183 183 184 178 169 156 158 157 159 168 170 180 181 184 184 182 185 183 183 184 183 181 173 175 169 174 178 172 171 171 169 166 162 159 102 84 
83 162 178 185 183 191 190 201 204 204 209 211 209 213 218 217 211 208 207 205 200 191 192 183 182 173 167 160 159 153 161 164 172 184 185 177 193 186 188 190 190 188 186 178 174 177 179 179 177 176 178 176 178 174 173 166 105 85 
85 158 174 190 190 195 191 206 209 209 206 213 214 224 217 210 207 205 204 197 195 194 180 181 178 175 174 163 156 156 161 171 178 184 190 186 198 196 196 199 190 184 192 187 187 182 186 181 179 183 185 183 176 176 166 168 116 90 
81 164 176 178 193 187 200 202 200 211 210 220 219 207 213 211 207 207 209 198 199 193 197 183 185 175 175 163 154 155 161 175 187 194 196 202 192 202 202 196 199 192 190 200 186 188 189 191 190 191 186 183 179 183 175 171 110 82 
97 165 169 187 189 196 201 208 214 219 212 215 219 206 216 217 221 213 198 199 198 191 186 179 183 183 164 157 156 157 160 176 182 197 194 196 200 197 203 206 207 194 194 194 196 192 188 181 188 182 191 185 185 188 181 170 97 81 
91 159 180 191 189 193 204 202 211 212 221 226 220 215 222 221 229 203 209 208 201 189 191 188 178 179 174 163 152 155 163 168 178 194 198 206 207 201 204 207 203 202 204 191 199 193 197 193 193 191 193 186 192 188 172 175 107 86 
81 158 182 192 193 203 202 214 204 213 227 224 219 212 217 228 216 215 206 199 203 192 197 183 184 173 172 156 158 152 170 175 184 188 190 202 209 212 209 215 208 212 202 200 197 197 189 189 188 189 198 198 195 192 183 175 111 91 
92 156 182 200 193 202 202 201 208 207 223 220 223 222 220 208 228 206 210 213 204 199 186 186 187 183 177 164 157 160 167 175 181 191 201 198 204 206 202 201 215 212 199 198 210 208 203 201 204 197 197 193 183 188 176 174 113 93 
82 170 187 192 188 205 201 204 208 215 216 225 223 218 222 220 214 206 216 202 200 195 189 184 193 188 187 168 159 155 170 170 184 197 196 199 206 209 195 205 201 205 202 200 206 196 195 198 197 197 199 189 184 187 172 180 107 82 
91 164 189 194 197 202 212 212 215 217 221 222 225 218 221 221 222 217 210 215 205 196 193 197 186 191 178 167 160 156 168 178 192 192 197 200 197 203 203 200 210 210 208 209 195 197 200 203 198 201 189 187 186 185 175 176 116 88 
84 163 189 197 190 213 211 218 215 218 224 217 226 226 216 213 213 219 212 209 199 197 194 197 192 184 184 168 153 156 168 173 194 197 191 200 208 194 196 197 203 205 204 205 199 196 194 192 199 191 185 186 180 179 181 177 113 83 
81 162 178 196 193 207 207 211 213 216 233 223 225 223 230 224 219 222 215 205 204 202 198 190 192 185 187 169 159 157 166 170 189 185 195 196 195 188 206 197 196 209 196 198 196 203 197 197 189 192 190 182 181 175 178 177 105 85 
81 175 184 193 199 205 209 214 215 225 221 229 220 232 218 231 217 220 217 216 205 204 201 198 190 179 186 165 151 156 165 175 186 186 186 186 192 195 197 196 191 199 199 198 199 195 184 185 189 182 184 189 182 173 174 168 105 82 
81 167 193 206 203 211 215 219 227 224 226 233 227 218 220 225 220 219 213 218 201 198 198 194 192 194 177 165 155 156 163 168 176 184 187 185 183 183 192 184 189 184 199 193 194 192 198 182 188 180 180 183 182 173 172 164 105 81 
83 160 196 198 207 197 213 223 224 228 228 223 230 224 217 222 221 217 213 211 202 212 211 200 187 188 187 165 156 152 160 173 179 178 178 182 184 176 181 177 184 183 189 188 195 190 193 182 187 175 178 176 174 170 165 168 90 83 
81 169 193 205 209 211 215 220 221 222 230 223 231 226 212 222 223 208 201 211 208 205 209 198 191 194 175 161 154 158 154 168 164 166 168 175 182 175 178 176 184 185 187 189 186 186 179 185 180 182 177 175 163 165 164 155 100 83 
82 162 185 194 203 219 216 224 219 230 218 225 231 220 221 219 212 216 202 215 206 208 203 211 189 186 173 164 147 152 156 164 162 169 168 178 175 170 168 179 177 176 179 179 186 180 184 183 180 171 170 168 160 157 160 154 97 85 
82 168 196 202 200 204 207 211 226 213 228 224 220 218 211 225 209 213 211 208 207 195 200 204 193 182 176 164 147 147 155 152 154 163 164 170 166 169 169 168 174 170 179 175 175 174 177 177 166 168 162 165 154 156 156 148 103 85 
83 162 177 192 203 209 213 207 219 204 212 218 215 217 211 199 199 209 207 198 205 198 208 195 195 184 174 160 148 149 145 147 156 161 168 161 162 166 165 163 167 170 163 165 167 170 166 165 162 160 161 158 150 147 142 142 93 84 
85 163 190 188 192 199 197 206 195 208 198 203 206 195 212 196 203 201 209 193 192 190 194 186 188 177 158 159 139 136 141 150 149 157 156 156 157 153 157 164 162 157 163 159 158 165 159 159 156 152 156 148 144 138 141 134 92 81 
85 145 171 173 184 186 193 199 191 191 188 189 189 200 196 187 183 188 190 180 183 181 179 184 178 168 165 136 130 126 125 140 133 135 149 139 145 145 136 145 144 149 153 154 161 152 147 149 147 145 137 140 129 132 130 135 84 81 
92 121 150 158 166 158 160 177 171 156 157 149 166 173 172 125 169 168 157 175 157 153 167 157 152 145 141 128 112 85 109 116 127 127 125 122 126 127 129 131 128 129 132 127 133 134 134 126 130 127 128 113 122 120 117 112 82 82 
87 89 86 106 84 84 83 81 85 83 88 83 89 82 81 87 81 83 83 97 86 83 81 90 82 85 82 87 83 81 93 81 87 90 92 84 81 90 81 84 83 81 84 81 83 81 82 81 83 87 93 88 88 83 81 85 83 82 
