0 156 60 55 41 50 43 56 42 57 64 53 60 52 44 48 50 45 68 71 46 92 81 97 94 88 61 63 19 6 12 16 11 28 22 17 23 30 7 33 26 29 26 31 46 19 19 17 22 12 15 28 10 13 22 8 30 13 
3080 12626 7179 7237 8484 6179 7630 8901 7655 8122 8920 8307 6832 8172 8405 7142 8075 7572 7763 7196 5330 8382 5818 7371 5800 6707 6186 5046 5699 4790 6330 4951 5678 5743 6670 7185 6525 6641 6180 6665 8094 6770 7384 7239 7111 5831 6173 6434 7469 5664 7673 5314 5992 5706 4734 2202 3841 492 
1514 10606 6470 6557 6276 5325 6675 5863 5857 5094 6329 5903 5995 7627 6668 7366 6692 6683 6540 7551 6553 7470 7659 7090 5705 7151 8028 8157 6255 5432 7828 7541 8499 7398 8678 7696 7801 7315 6824 7318 7414 7096 7182 7829 6623 5635 6349 6266 6916 5620 6485 5030 5051 4829 3631 1459 2073 224 
1765 13106 7430 7033 7685 5938 6857 7048 6888 6661 6922 6470 5983 7552 6845 7074 6650 6904 7155 7635 6898 8082 7833 7557 6314 7707 8272 8737 8709 7408 8602 6918 7483 6472 7620 7025 7112 6983 6737 7103 7325 6699 6768 7303 7470 6616 7376 7273 8140 6290 8329 6661 6740 6934 5875 2271 2893 306 
1767 13749 7665 6808 7823 6536 7408 7594 7422 6833 6646 6570 6745 6844 7457 6627 7394 6330 6574 7119 5832 8000 6737 7271 5828 7311 7098 6339 6991 6664 7687 6609 7305 7145 7342 7374 6870 6772 6237 6242 7401 6430 6940 6927 6536 6173 6796 7045 7436 6218 7465 6172 6560 6360 4600 2225 2746 352 
1546 13208 6815 6199 6906 5446 6812 7318 6835 6651 7159 6748 6373 7317 6800 6777 6779 6754 6962 6706 6532 7917 6586 7179 6070 6664 7310 6673 7161 6503 6337 5392 6306 6059 6837 7310 6824 6998 6607 6622 7423 6528 6600 6367 6143 5679 6222 6251 6833 5848 6549 6048 6043 6062 4589 2211 2518 331 
1422 12974 7359 6600 7316 6047 7014 6882 6815 6303 7387 6431 6158 7679 6837 7385 6347 6662 6844 6617 7036 6994 6576 6960 6288 6709 7248 7267 7456 6871 8183 6279 7653 6650 8496 7038 7171 6708 6559 7118 6550 7070 6577 7369 6634 6453 6348 6408 7442 6041 7236 6083 6736 6120 4749 2075 2532 300 
1572 13110 7353 6709 6750 5390 6524 6410 6500 6002 6806 6302 6300 6836 6979 7105 6383 6908 6963 6679 6919 7856 7069 6879 6377 6084 6685 6734 7013 6208 6927 6202 6910 6414 7515 6789 6881 6327 5916 6580 6504 6261 6190 6637 5907 6133 6006 6393 7081 5490 7336 6152 6428 6620 4949 2641 2884 352 
1598 13341 8100 6295 7186 6088 7155 7207 6987 6966 6959 6865 6719 6942 7825 6983 7376 6772 6905 7256 6153 8172 6032 7203 6220 6801 7246 6692 6919 6025 7001 6604 6866 7329 7452 7663 6498 6875 6986 7144 7651 6752 7443 7030 6569 6262 5825 6430 7502 6444 7846 6228 6246 6054 4415 2574 2892 262 
1752 13611 7722 6381 6950 6149 7131 6936 6903 6855 6724 6843 6637 6938 7127 7126 7646 7392 6860 7110 6929 8579 6735 7099 6238 6895 6180 6848 5914 6050 6860 7304 7195 7416 8048 7572 7295 6770 6738 6897 6847 6514 6880 6213 6566 6241 6982 6859 7766 6358 7140 6386 6619 6841 4644 2808 3033 365 
1445 13912 7767 6982 6632 6507 7548 6900 7763 6390 7218 6786 7006 6771 6810 7423 7041 6999 6653 7068 7139 7941 6817 7141 6674 7257 6501 7979 6438 6758 6607 7211 7127 7192 8239 7422 7691 6544 7152 7551 7214 7590 7346 7175 6777 6140 6950 6404 7538 6223 7561 7003 6859 7211 4576 2789 2520 343 
1410 12528 7586 6072 6674 5617 6796 6567 6864 6209 7177 6350 6191 6689 6952 6934 6868 6642 6517 6534 7085 8160 6436 6776 5752 6356 6149 6875 6401 5750 6252 6706 6452 6990 7336 7292 6916 6595 6832 6662 6664 6280 7005 6656 6186 6281 6591 6443 6429 6611 7062 6474 6649 6331 4303 3381 2908 312 
1627 13620 8344 6415 7082 6038 7522 7752 7830 7571 7543 7264 6655 6926 7220 7061 7293 6764 6221 6083 6170 7595 5557 6969 6372 6172 6589 6676 6765 6313 6717 6737 7009 7537 7515 7363 6516 6206 6686 6653 6839 6715 7860 6711 6405 6797 6242 6327 6354 5936 6948 5552 6195 5932 4169 3100 2686 238 
1204 12627 8136 6079 6030 5772 6687 6435 6916 6240 6836 6633 6710 7146 6902 7544 6868 7543 7545 7563 7932 9012 7333 7956 7023 6683 6649 7800 6837 6805 7052 7077 6982 6995 7796 7341 7554 6430 6783 7099 6325 6896 7227 6766 6058 5815 5624 6420 6957 5616 7276 5771 6067 6457 3950 2863 2773 262 
1638 14063 9193 7167 6755 6698 7656 7181 7862 6129 7027 6307 6346 6627 6358 7638 6478 6925 6628 6446 7058 7830 6513 6497 7395 7055 6693 7475 6370 6483 6455 6564 7736 7394 8915 7153 7713 6943 7682 7519 6738 7199 7343 7218 6416 6506 6532 6462 7382 5623 7025 6729 6359 6931 4023 3162 2878 364 
1432 14153 8461 6592 6688 6657 7329 7265 7539 7099 7177 6937 7015 6914 7492 7366 7485 7276 6970 6997 7098 8652 6478 7495 7110 6760 6908 7677 7146 6754 7205 6739 7059 6904 7609 8053 7025 6405 7055 7151 6947 6675 7777 6634 6259 6518 6269 6802 7220 5906 7011 6498 5894 5681 3655 2956 2808 277 
1585 15907 9729 7184 7197 6803 7502 7715 7822 7786 7426 7242 7381 6771 7836 6965 7244 7430 7610 7686 7174 9438 6874 8351 7665 6751 7691 8147 7800 7393 7841 7496 8206 7540 8102 8222 7725 7162 7462 7475 7904 7733 8074 7313 7535 7718 6945 7455 8364 6413 7721 7273 7391 7019 4942 3869 3443 377 
1557 13027 8732 6265 6686 6520 7254 7095 8302 6600 7399 6926 7650 7406 7574 7920 7225 6933 7048 6582 7015 7483 6593 6699 6660 6639 6849 7436 6371 6146 6597 6085 6867 6047 7534 6794 7298 5950 6539 7053 6056 7302 7267 6689 6992 6733 6521 6993 8970 6080 7317 7421 6972 7161 4642 3084 3008 329 
1367 11937 8080 5818 6231 6188 6377 6325 7004 6436 7728 6470 6253 6482 6505 7640 6994 6734 6745 6501 7167 7853 7170 7254 7273 6692 6808 7298 6948 7408 7583 6897 7553 6586 8408 7497 7483 6503 7075 7544 6471 7054 6836 6423 6776 6589 6345 5998 7212 5425 6232 6011 6014 6518 4594 2766 2993 373 
1494 14176 9754 6282 6982 7401 7233 7540 6843 7196 7415 7075 7227 6740 7360 6653 7252 6465 6129 6779 6409 7642 5983 6948 6828 5793 6655 6742 6607 6033 6561 6221 6546 6164 7119 7300 6718 6035 6500 6366 6806 6603 6754 6533 6878 6706 6280 7223 7813 6577 7077 7361 6605 6115 5236 3224 3085 392 
1308 12635 9410 6077 7234 6205 6853 8164 6441 7281 7377 7233 7143 6894 7956 7678 8187 7501 7268 7458 6765 8087 7119 7713 7170 6427 7146 7054 7513 6846 7076 7285 7516 7435 7510 7744 6935 6833 6812 7060 6973 6425 7455 6410 6868 7075 6463 6661 7770 6407 6153 6446 5949 5406 4419 2517 2133 315 
1402 11353 8218 5868 7161 6306 6942 7676 6829 6489 7333 7702 7380 7356 7662 7857 6795 6818 6730 6562 7236 7664 7088 7335 7169 6821 6012 6994 6029 6459 6010 5997 7411 6655 7505 6756 7089 6013 6663 6700 6236 6762 6149 6233 5913 6297 6172 5513 7133 5194 6101 6323 5894 6316 5353 2518 3093 392 
1360 12899 7719 6191 6866 6211 6260 6890 6632 6453 6993 6928 6706 6561 7179 7026 6928 6643 6627 6356 6953 7391 6757 7451 7242 7239 6422 6859 6603 6598 6615 6603 7877 7140 7674 7009 7517 6158 6341 6624 6350 6703 6531 6508 6220 6050 6071 6612 7835 6452 6579 7049 6253 5704 5155 2210 2648 303 
1538 14624 8602 6296 7223 6321 6707 8104 6785 7264 7072 7144 6962 6210 7867 6637 7088 6316 6894 6800 6685 7590 6476 7196 6562 6209 5738 6045 6438 6121 6935 6254 7333 6927 7178 7094 6959 6810 6724 6192 6971 6592 7574 6779 6574 7387 6546 6407 7296 6943 6364 6939 6170 5480 5683 2538 2907 364 
1337 13296 7730 5534 6736 6561 5911 7061 5693 5929 6777 6672 6430 6088 7085 6042 6766 6468 6591 6546 6716 7508 6411 7200 6935 6511 6587 6588 6768 6437 6584 5479 6544 6386 6947 6786 7066 6923 7137 6440 7255 6651 6840 6847 6203 6231 6361 6330 7775 6883 6295 6854 6106 5470 5148 2092 2918 366 
1139 12881 7592 5828 6220 5510 4999 5237 4303 5104 5804 5882 5879 5495 6518 5774 6831 6189 6478 6272 6603 6972 7236 7054 6900 6092 5562 6730 7449 7527 7300 6272 7066 6273 7520 6297 6769 5473 5773 5894 6260 6189 6342 6710 5641 6192 5966 5677 6975 6131 5866 6887 5728 5237 5166 2068 2748 378 
935 10996 9081 6515 8159 7240 6861 7246 7928 7150 7462 6007 5302 5656 6733 5742 5692 5991 6216 5998 6363 5586 5825 6003 5776 5303 5877 5942 5982 5991 6315 6016 6376 5144 6766 5772 7019 6782 6585 6188 7035 6780 6756 7347 6076 6892 6225 5923 6730 5720 4895 5961 4515 4103 4303 2090 2107 322 
2109 17121 11231 9267 11319 10979 9046 11336 10314 9362 10120 9845 11085 10476 12467 6677 11880 9616 10349 10286 10385 10719 10853 11824 10433 9146 9770 9118 9149 5629 8582 8363 9463 9526 10309 9272 9386 8901 8880 8208 9214 8461 9083 9125 7483 8732 7917 7933 9286 9237 7669 8717 7483 6188 6685 3097 6069 794 
806 2253 932 740 852 840 677 773 621 548 602 639 585 671 841 575 786 642 814 653 759 768 785 821 814 737 755 833 609 452 330 504 549 472 511 469 558 396 502 394 470 437 482 563 406 370 371 377 414 363 256 355 281 262 357 173 561 98 
