80 82 96 81 81 82 81 82 81 88 81 95 92 92 107 95 94 82 114 88 86 100 83 81 96 89 83 82 83 83 82 101 123 81 87 81 82 82 83 109 82 81 91 82 135 120 87 85 88 84 84 87 83 107 81 91 81 81 
82 81 81 84 82 84 82 85 81 81 82 89 82 83 81 91 84 86 85 86 81 85 87 87 90 83 82 81 84 83 82 92 83 81 102 86 102 81 86 101 85 115 85 109 83 111 101 89 113 93 107 98 86 106 81 113 100 86 
81 81 90 90 96 96 102 109 106 108 106 113 108 106 103 98 107 105 111 114 105 111 103 111 106 112 113 99 91 90 104 102 117 123 120 123 119 124 116 123 125 131 137 132 134 123 131 131 126 131 124 132 130 128 139 134 127 89 
81 89 98 105 104 112 112 114 120 122 121 124 118 118 115 117 114 116 118 124 125 121 123 122 129 123 119 108 101 104 114 123 130 135 136 131 131 132 136 140 143 142 144 141 147 145 145 140 140 143 143 142 143 140 141 140 135 89 
82 88 101 111 112 117 118 117 119 126 127 124 126 123 126 123 127 131 130 130 136 136 134 131 137 127 122 117 109 106 119 123 140 143 135 136 137 140 143 149 146 152 152 151 144 150 151 144 148 147 153 147 150 154 152 144 132 121 
81 89 103 110 116 121 122 126 125 130 125 128 129 128 130 130 129 132 137 140 138 141 140 135 138 135 129 119 113 112 116 126 138 137 138 144 144 145 147 146 150 153 153 153 159 157 155 157 160 154 152 159 154 151 155 148 140 104 
81 96 104 111 117 122 117 129 130 132 129 133 133 128 131 131 139 140 138 138 146 141 146 145 144 132 130 125 110 110 117 125 132 143 140 150 144 146 152 150 153 154 157 160 155 162 158 159 161 154 164 163 166 166 159 151 140 123 
81 94 105 112 114 121 127 131 131 131 132 137 134 132 133 139 135 136 142 142 144 146 150 148 142 140 130 123 114 110 117 122 128 142 145 151 143 145 145 154 155 159 160 157 159 160 160 162 159 163 162 160 169 163 157 157 142 122 
83 98 109 112 118 121 129 129 128 131 135 133 134 132 135 139 138 139 142 150 143 155 149 146 149 140 132 124 113 110 118 118 133 137 142 142 148 144 153 155 154 158 159 158 160 162 164 173 164 164 164 165 160 160 165 157 142 130 
82 102 109 116 124 121 128 128 132 129 127 132 132 132 133 134 137 141 149 147 154 153 152 147 145 140 138 125 112 111 113 122 127 137 145 144 148 146 150 152 153 153 158 156 163 165 166 166 168 169 170 170 163 165 160 153 143 127 
86 98 110 116 125 129 128 127 129 132 125 124 126 124 131 131 137 142 150 144 149 151 152 152 148 145 133 125 115 109 112 118 127 141 143 145 145 150 150 151 152 154 157 155 160 163 169 163 164 163 163 172 171 162 163 155 144 116 
83 96 108 115 121 130 128 131 128 131 128 131 133 129 129 134 139 139 145 143 147 153 151 152 146 147 131 124 118 107 110 117 131 136 139 143 142 152 151 148 152 158 157 158 166 157 169 164 165 162 161 164 166 162 164 155 141 129 
85 100 113 118 121 128 128 132 130 130 127 127 128 129 131 130 141 145 144 148 150 149 149 148 144 141 132 119 118 110 111 120 124 136 138 144 142 150 151 153 155 160 156 162 159 170 162 162 166 165 163 165 164 162 157 152 140 126 
84 101 111 118 127 125 128 130 133 132 129 129 129 127 131 139 138 143 146 151 145 145 147 147 146 139 131 123 113 109 111 120 125 136 137 140 147 144 152 152 154 153 158 154 158 161 164 161 171 163 160 165 158 167 156 152 140 125 
84 100 111 115 124 128 129 130 129 132 131 125 126 130 129 136 139 139 143 151 147 149 147 150 140 143 136 122 113 111 108 120 129 133 136 140 146 146 145 152 156 155 153 150 156 164 165 167 165 166 168 165 165 159 160 155 150 121 
88 99 113 119 123 128 125 133 129 128 131 128 131 132 131 131 143 143 144 148 149 149 145 147 148 141 136 127 114 109 109 117 126 131 137 137 142 150 146 147 150 148 152 155 153 158 161 165 157 158 159 159 159 159 157 151 147 124 
85 96 111 119 123 127 131 124 129 129 131 131 133 130 136 138 141 145 140 146 148 148 145 146 143 138 133 122 111 108 111 122 127 134 140 144 145 144 153 150 151 147 152 152 156 155 161 159 161 159 160 162 160 159 155 150 143 125 
84 100 107 116 123 126 126 129 127 131 130 129 130 138 137 138 146 142 149 148 148 149 145 148 141 138 134 115 109 106 108 121 124 131 136 141 140 142 145 148 151 149 147 152 149 156 158 159 157 161 157 159 160 161 156 148 138 120 
82 97 106 112 121 126 124 126 132 130 134 132 134 135 140 142 143 146 152 146 149 148 142 143 149 142 138 125 107 102 109 117 123 127 139 140 138 143 146 145 147 148 144 151 152 155 157 159 158 165 158 156 162 152 154 148 140 93 
82 96 105 114 118 120 124 125 131 130 137 133 136 136 141 140 142 141 144 144 151 149 148 144 146 145 132 118 106 100 107 117 121 133 134 133 141 141 145 149 145 147 155 150 151 151 156 156 157 155 154 155 156 152 152 146 139 108 
81 91 103 113 113 117 122 122 130 126 132 134 136 135 134 139 142 146 149 147 150 149 146 144 144 140 132 118 104 99 109 116 122 126 132 137 135 141 143 146 149 149 155 154 158 152 158 152 158 157 154 152 150 156 148 146 138 93 
83 93 103 114 116 117 121 122 127 125 130 132 129 136 138 143 139 138 142 147 146 148 142 146 147 135 136 120 103 100 101 118 121 127 134 130 133 140 138 143 146 145 151 149 151 155 155 156 153 154 151 151 151 151 149 140 127 92 
81 91 103 110 114 116 118 123 120 126 131 128 131 132 133 131 144 144 145 144 144 145 140 141 141 134 131 118 103 99 107 109 118 128 127 135 131 139 138 137 138 144 146 144 149 152 147 147 148 147 144 146 150 144 143 144 126 89 
81 90 100 105 108 113 117 113 119 122 125 128 127 130 129 131 134 137 137 142 139 137 135 139 135 132 125 116 104 100 102 107 118 123 125 128 131 132 134 134 137 140 145 146 143 144 139 145 143 145 141 144 144 144 139 138 125 84 
81 86 102 104 107 108 110 112 116 116 119 121 125 123 127 131 128 130 132 132 140 131 135 134 134 134 125 116 103 97 104 108 116 119 122 120 121 125 125 130 135 133 136 138 136 139 136 135 139 136 138 138 137 137 139 132 124 89 
81 83 96 98 99 104 105 109 108 111 112 115 113 111 118 118 122 124 123 127 127 125 131 125 130 127 118 108 97 96 98 106 108 118 118 117 123 119 124 127 121 126 131 129 129 129 126 130 127 125 124 126 127 131 129 124 115 96 
81 81 86 92 95 96 95 103 101 102 103 105 106 105 111 110 109 110 114 114 116 116 113 117 123 122 111 103 90 87 92 103 104 110 110 109 113 109 110 111 118 116 118 118 116 117 120 113 115 118 118 115 117 118 117 115 110 90 
81 81 82 81 83 85 83 82 82 87 90 88 85 88 91 88 90 95 98 94 96 100 99 98 102 102 101 92 82 82 85 90 94 98 100 95 94 95 96 89 100 102 104 100 93 100 99 93 101 89 99 96 102 94 101 98 96 81 
81 82 81 82 81 81 81 81 81 81 81 83 81 81 81 81 81 82 83 81 81 81 82 84 81 81 81 82 81 81 81 83 81 82 81 81 82 81 82 81 83 86 85 81 81 84 85 82 81 83 81 81 82 81 83 81 81 81 
