40 41 48 41 41 41 41 41 41 44 41 48 46 46 54 48 47 41 57 44 43 50 42 41 48 45 42 41 42 42 41 51 62 41 44 41 41 41 42 55 41 41 46 41 68 60 44 43 44 42 42 44 42 54 41 46 41 41 
41 41 41 42 41 42 41 43 41 41 41 45 41 42 41 46 42 43 43 43 41 43 44 44 45 42 41 41 42 42 41 46 42 41 51 43 51 41 43 51 43 58 43 55 42 56 51 45 57 47 54 49 43 53 41 57 50 43 
41 41 45 45 48 48 51 55 53 54 53 57 54 53 52 49 54 53 56 57 53 56 52 56 53 56 57 50 46 45 52 51 59 62 60 62 60 62 58 62 63 66 69 66 67 62 66 66 63 66 62 66 65 64 70 67 64 45 
41 45 49 53 52 56 56 57 60 61 61 62 59 59 58 59 57 58 59 62 63 61 62 61 65 62 60 54 51 52 57 62 65 68 68 66 66 66 68 70 72 71 72 71 74 73 73 70 70 72 72 71 72 70 71 70 68 45 
41 44 51 56 56 59 59 59 60 63 64 62 63 62 63 62 64 66 65 65 68 68 67 66 69 64 61 59 55 53 60 62 70 72 68 68 69 70 72 75 73 76 76 76 72 75 76 72 74 74 77 74 75 77 76 72 66 61 
41 45 52 55 58 61 61 63 63 65 63 64 65 64 65 65 65 66 69 70 69 71 70 68 69 68 65 60 57 56 58 63 69 69 69 72 72 73 74 73 75 77 77 77 80 79 78 79 80 77 76 80 77 76 78 74 70 52 
41 48 52 56 59 61 59 65 65 66 65 67 67 64 66 66 70 70 69 69 73 71 73 73 72 66 65 63 55 55 59 63 66 72 70 75 72 73 76 75 77 77 79 80 78 81 79 80 81 77 82 82 83 83 80 76 70 62 
41 47 53 56 57 61 64 66 66 66 66 69 67 66 67 70 68 68 71 71 72 73 75 74 71 70 65 62 57 55 59 61 64 71 73 76 72 73 73 77 78 80 80 79 80 80 80 81 80 82 81 80 85 82 79 79 71 61 
42 49 55 56 59 61 65 65 64 66 68 67 67 66 68 70 69 70 71 75 72 78 75 73 75 70 66 62 57 55 59 59 67 69 71 71 74 72 77 78 77 79 80 79 80 81 82 87 82 82 82 83 80 80 83 79 71 65 
41 51 55 58 62 61 64 64 66 65 64 66 66 66 67 67 69 71 75 74 77 77 76 74 73 70 69 63 56 56 57 61 64 69 73 72 74 73 75 76 77 77 79 78 82 83 83 83 84 85 85 85 82 83 80 77 72 64 
43 49 55 58 63 65 64 64 65 66 63 62 63 62 66 66 69 71 75 72 75 76 76 76 74 73 67 63 58 55 56 59 64 71 72 73 73 75 75 76 76 77 79 78 80 82 85 82 82 82 82 86 86 81 82 78 72 58 
42 48 54 58 61 65 64 66 64 66 64 66 67 65 65 67 70 70 73 72 74 77 76 76 73 74 66 62 59 54 55 59 66 68 70 72 71 76 76 74 76 79 79 79 83 79 85 82 83 81 81 82 83 81 82 78 71 65 
43 50 57 59 61 64 64 66 65 65 64 64 64 65 66 65 71 73 72 74 75 75 75 74 72 71 66 60 59 55 56 60 62 68 69 72 71 75 76 77 78 80 78 81 80 85 81 81 83 83 82 83 82 81 79 76 70 63 
42 51 56 59 64 63 64 65 67 66 65 65 65 64 66 70 69 72 73 76 73 73 74 74 73 70 66 62 57 55 56 60 63 68 69 70 74 72 76 76 77 77 79 77 79 81 82 81 86 82 80 83 79 84 78 76 70 63 
42 50 56 58 62 64 65 65 65 66 66 63 63 65 65 68 70 70 72 76 74 75 74 75 70 72 68 61 57 56 54 60 65 67 68 70 73 73 73 76 78 78 77 75 78 82 83 84 83 83 84 83 83 80 80 78 75 61 
44 50 57 60 62 64 63 67 65 64 66 64 66 66 66 66 72 72 72 74 75 75 73 74 74 71 68 64 57 55 55 59 63 66 69 69 71 75 73 74 75 74 76 78 77 79 81 83 79 79 80 80 80 80 79 76 74 62 
43 48 56 60 62 64 66 62 65 65 66 66 67 65 68 69 71 73 70 73 74 74 73 73 72 69 67 61 56 54 56 61 64 67 70 72 73 72 77 75 76 74 76 76 78 78 81 80 81 80 80 81 80 80 78 75 72 63 
42 50 54 58 62 63 63 65 64 66 65 65 65 69 69 69 73 71 75 74 74 75 73 74 71 69 67 58 55 53 54 61 62 66 68 71 70 71 73 74 76 75 74 76 75 78 79 80 79 81 79 80 80 81 78 74 69 60 
41 49 53 56 61 63 62 63 66 65 67 66 67 68 70 71 72 73 76 73 75 74 71 72 75 71 69 63 54 51 55 59 62 64 70 70 69 72 73 73 74 74 72 76 76 78 79 80 79 83 79 78 81 76 77 74 70 47 
41 48 53 57 59 60 62 63 66 65 69 67 68 68 71 70 71 71 72 72 76 75 74 72 73 73 66 59 53 50 54 59 61 67 67 67 71 71 73 75 73 74 78 75 76 76 78 78 79 78 77 78 78 76 76 73 70 54 
41 46 52 57 57 59 61 61 65 63 66 67 68 68 67 70 71 73 75 74 75 75 73 72 72 70 66 59 52 50 55 58 61 63 66 69 68 71 72 73 75 75 78 77 79 76 79 76 79 79 77 76 75 78 74 73 69 47 
42 47 52 57 58 59 61 61 64 63 65 66 65 68 69 72 70 69 71 74 73 74 71 73 74 68 68 60 52 50 51 59 61 64 67 65 67 70 69 72 73 73 76 75 76 78 78 78 77 77 76 76 76 76 75 70 64 46 
41 46 52 55 57 58 59 62 60 63 66 64 66 66 67 66 72 72 73 72 72 73 70 71 71 67 66 59 52 50 54 55 59 64 64 68 66 70 69 69 69 72 73 72 75 76 74 74 74 74 72 73 75 72 72 72 63 45 
41 45 50 53 54 57 59 57 60 61 63 64 64 65 65 66 67 69 69 71 70 69 68 70 68 66 63 58 52 50 51 54 59 62 63 64 66 66 67 67 69 70 73 73 72 72 70 73 72 73 71 72 72 72 70 69 63 42 
41 43 51 52 54 54 55 56 58 58 60 61 63 62 64 66 64 65 66 66 70 66 68 67 67 67 63 58 52 49 52 54 58 60 61 60 61 63 63 65 68 67 68 69 68 70 68 68 70 68 69 69 69 69 70 66 62 45 
41 42 48 49 50 52 53 55 54 56 56 58 57 56 59 59 61 62 62 64 64 63 66 63 65 64 59 54 49 48 49 53 54 59 59 59 62 60 62 64 61 63 66 65 65 65 63 65 64 63 62 63 64 66 65 62 58 48 
41 41 43 46 48 48 48 52 51 51 52 53 53 53 56 55 55 55 57 57 58 58 57 59 62 61 56 52 45 44 46 52 52 55 55 55 57 55 55 56 59 58 59 59 58 59 60 57 58 59 59 58 59 59 59 58 55 45 
41 41 41 41 42 43 42 41 41 44 45 44 43 44 46 44 45 48 49 47 48 50 50 49 51 51 51 46 41 41 43 45 47 49 50 48 47 48 48 45 50 51 52 50 47 50 50 47 51 45 50 48 51 47 51 49 48 41 
41 41 41 41 41 41 41 41 41 41 41 42 41 41 41 41 41 41 42 41 41 41 41 42 41 41 41 41 41 41 41 42 41 41 41 41 41 41 41 41 42 43 43 41 41 42 43 41 41 42 41 41 41 41 42 41 41 41 
