0 112 112 114 114 114 114 120 112 112 112 115 112 114 112 112 112 112 114 115 114 112 114 112 112 115 115 115 115 114 112 112 112 115 114 112 114 112 119 112 115 117 114 114 115 114 114 115 112 114 114 114 117 114 112 115 117 117 
140 149 152 155 147 150 157 157 167 160 159 160 150 157 157 155 140 155 140 155 162 150 154 159 149 150 149 132 130 119 112 117 112 117 120 112 119 115 114 114 119 112 122 130 119 127 119 129 122 124 119 120 124 117 125 124 117 117 
120 155 174 162 160 165 177 162 175 159 170 184 167 170 180 160 160 172 154 167 164 154 165 167 170 152 157 144 130 120 117 114 117 114 119 119 120 119 115 125 120 122 120 120 117 124 134 117 120 129 124 132 122 129 132 127 137 120 
137 167 164 164 167 177 167 167 177 164 184 170 177 170 180 179 179 167 174 169 177 177 174 145 165 157 149 142 125 117 120 114 125 125 120 124 127 120 124 127 134 132 132 140 134 137 125 137 130 134 130 140 127 134 129 140 137 117 
147 154 169 165 177 170 179 180 170 167 182 182 177 180 182 177 167 174 179 177 177 172 175 162 169 174 160 150 139 124 117 115 120 130 124 127 132 127 135 130 137 130 140 134 135 140 144 140 139 144 130 134 139 137 144 140 137 127 
159 160 180 174 177 170 175 187 184 184 184 177 184 187 174 174 177 175 175 174 177 182 174 172 172 160 150 145 130 129 115 119 125 130 135 139 139 137 140 132 137 137 142 140 139 135 134 144 142 150 144 145 137 140 147 140 135 120 
147 150 175 180 177 170 170 184 184 182 192 184 182 185 184 180 175 200 187 175 175 177 170 182 167 177 164 152 130 132 115 120 120 122 134 137 134 142 140 140 144 139 130 140 140 140 145 137 150 157 150 157 145 147 144 157 139 137 
157 169 179 174 177 179 189 180 184 192 192 185 187 177 190 190 192 179 189 170 175 174 169 177 170 179 164 144 134 122 114 120 127 140 135 147 149 137 140 137 147 147 149 147 149 144 134 152 155 152 149 145 149 149 159 147 140 134 
150 160 174 175 189 180 180 180 195 180 187 174 185 189 189 192 189 174 180 180 174 170 177 177 174 180 167 144 137 127 114 114 125 134 137 135 144 150 147 144 142 144 144 140 140 150 150 154 144 147 150 160 159 157 160 137 144 127 
134 170 177 180 184 180 190 180 195 195 184 189 184 195 192 200 180 187 175 195 170 180 174 189 177 174 160 160 134 129 120 127 125 135 145 140 139 150 150 157 144 137 147 142 150 154 152 154 155 164 157 170 157 150 150 149 150 144 
149 177 185 189 189 184 174 184 182 184 175 190 195 185 184 195 179 184 182 177 175 179 180 170 174 162 150 150 139 132 130 122 140 134 150 144 150 157 137 140 149 150 137 139 150 144 144 150 140 157 159 157 159 154 150 154 145 134 
117 170 179 180 192 174 194 184 184 192 179 190 180 192 177 182 184 184 189 185 189 177 167 179 177 184 165 140 135 129 114 129 125 139 144 144 144 152 140 140 144 145 137 140 139 149 150 159 155 147 157 147 157 154 164 150 149 134 
150 170 177 179 185 184 189 177 184 180 194 184 185 180 184 179 189 179 182 184 175 179 185 187 180 162 159 144 139 132 122 124 134 135 147 157 147 147 147 135 140 142 144 145 144 140 137 150 157 150 157 152 154 150 157 157 152 144 
114 170 190 189 189 192 189 187 184 199 194 189 194 194 175 180 189 187 197 187 192 192 187 179 174 184 164 154 147 132 124 124 132 142 139 145 144 145 145 147 140 144 152 147 157 147 140 150 154 157 145 155 157 150 157 154 150 140 
112 169 195 195 192 184 187 194 192 184 200 189 192 187 179 195 180 189 189 187 192 189 192 187 180 177 165 150 144 140 127 127 122 142 144 139 142 145 142 140 140 135 147 154 157 144 147 165 145 154 154 154 155 157 154 160 144 127 
115 179 192 187 187 197 194 187 194 192 192 192 189 190 190 189 195 187 189 194 200 195 192 195 177 177 187 162 155 142 130 122 135 150 145 145 139 144 144 137 145 140 139 144 150 147 147 144 160 155 157 152 154 160 159 157 150 134 
122 184 202 192 195 190 192 194 189 189 195 209 199 187 192 202 187 189 195 187 199 197 187 187 189 167 174 154 145 140 135 127 134 142 144 150 142 140 139 150 147 150 144 145 145 144 147 150 150 157 160 159 149 157 150 149 150 124 
114 170 202 194 194 187 184 184 202 195 199 202 195 205 199 205 195 184 202 190 187 195 202 194 195 177 167 164 160 147 137 127 124 135 134 137 147 157 144 152 147 147 139 144 150 147 152 147 149 149 152 159 162 154 157 145 154 114 
114 175 195 189 200 192 195 197 199 207 202 209 199 207 214 194 197 207 197 202 190 190 192 187 184 184 180 165 162 147 130 130 130 135 134 147 149 147 145 139 144 150 145 140 145 144 147 160 155 164 154 157 157 155 167 150 155 130 
114 165 197 215 195 212 202 202 202 205 202 214 197 214 207 200 204 199 199 189 190 197 195 197 202 189 175 162 149 140 127 124 145 134 140 140 144 154 147 150 142 152 155 157 145 149 157 147 157 157 149 164 160 167 155 160 154 120 
122 167 194 199 195 210 209 199 202 205 222 209 209 209 212 212 202 197 199 192 189 189 189 202 199 192 180 170 160 137 130 130 137 137 150 140 154 142 157 145 152 144 144 142 149 150 162 154 157 157 157 160 150 164 170 149 144 114 
160 167 192 195 209 214 197 202 199 210 214 217 215 207 207 204 215 202 199 199 212 189 199 192 195 199 184 170 152 140 132 134 130 139 135 149 145 159 149 145 154 157 149 147 155 147 145 152 154 170 159 154 162 167 157 160 150 137 
115 174 195 207 199 212 210 195 214 222 204 209 212 197 209 202 200 209 202 195 199 197 199 200 195 179 174 164 154 137 127 127 130 134 154 154 144 155 142 144 154 147 154 154 149 150 150 157 152 162 150 164 150 157 149 154 154 137 
114 167 195 184 209 192 205 195 212 205 214 199 209 205 195 200 204 209 192 210 205 199 187 197 192 185 187 170 154 130 127 132 122 137 144 145 134 147 144 145 152 160 145 160 167 144 150 152 154 155 152 154 154 155 160 150 147 112 
149 177 182 187 195 210 205 199 205 192 195 212 205 199 192 200 199 210 205 202 200 199 189 190 190 184 180 160 145 137 124 130 125 142 135 144 145 145 144 155 147 150 154 144 147 147 160 150 147 154 157 160 154 155 149 150 149 144 
147 170 184 192 192 199 207 184 192 199 209 195 205 204 189 195 189 187 189 192 205 190 184 187 189 180 184 174 149 134 134 125 137 149 140 144 140 145 144 150 142 139 155 150 150 159 150 154 147 147 140 149 150 150 154 145 147 125 
117 167 167 179 177 175 185 184 189 170 195 192 192 187 185 177 167 197 174 184 180 189 177 170 187 174 147 157 137 124 117 122 124 134 134 127 134 134 137 132 132 144 145 144 150 135 134 130 145 149 144 137 140 144 134 134 135 120 
117 147 150 114 119 157 167 117 174 154 115 117 157 160 117 119 139 115 117 160 150 120 112 149 130 120 142 130 114 117 112 114 119 114 127 120 114 117 117 130 125 135 122 120 119 130 120 115 117 129 117 112 124 127 119 127 120 114 
129 112 114 117 119 134 119 117 114 124 120 115 117 112 112 117 114 115 119 115 117 115 112 120 125 114 117 114 112 115 114 117 112 129 112 114 112 115 120 114 114 115 117 112 114 114 112 114 114 114 112 120 114 114 112 115 112 114 
