0 214 214 218 218 218 218 230 214 214 214 221 214 218 214 214 214 214 218 221 218 214 218 214 214 221 221 221 221 218 214 214 214 221 218 214 218 214 227 214 221 224 218 218 221 218 218 221 214 218 218 218 224 218 214 221 224 224 
269 285 291 298 282 288 301 301 320 307 304 307 288 301 301 298 269 298 269 298 310 288 294 304 285 288 285 253 250 227 214 224 214 224 230 214 227 221 218 218 227 214 234 250 227 243 227 246 234 237 227 230 237 224 240 237 224 224 
230 298 333 310 307 317 339 310 336 304 326 352 320 326 346 307 307 330 294 320 314 294 317 320 326 291 301 275 250 230 224 218 224 218 227 227 230 227 221 240 230 234 230 230 224 237 256 224 230 246 237 253 234 246 253 243 262 230 
262 320 314 314 320 339 320 320 339 314 352 326 339 326 346 342 342 320 333 323 339 339 333 278 317 301 285 272 240 224 230 218 240 240 230 237 243 230 237 243 256 253 253 269 256 262 240 262 250 256 250 269 243 256 246 269 262 224 
282 294 323 317 339 326 342 346 326 320 349 349 339 346 349 339 320 333 342 339 339 330 336 310 323 333 307 288 266 237 224 221 230 250 237 243 253 243 259 250 262 250 269 256 259 269 275 269 266 275 250 256 266 262 275 269 262 243 
304 307 346 333 339 326 336 358 352 352 352 339 352 358 333 333 339 336 336 333 339 349 333 330 330 307 288 278 250 246 221 227 240 250 259 266 266 262 269 253 262 262 272 269 266 259 256 275 272 288 275 278 262 269 282 269 259 230 
282 288 336 346 339 326 326 352 352 349 368 352 349 355 352 346 336 384 358 336 336 339 326 349 320 339 314 291 250 253 221 230 230 234 256 262 256 272 269 269 275 266 250 269 269 269 278 262 288 301 288 301 278 282 275 301 266 262 
301 323 342 333 339 342 362 346 352 368 368 355 358 339 365 365 368 342 362 326 336 333 323 339 326 342 314 275 256 234 218 230 243 269 259 282 285 262 269 262 282 282 285 282 285 275 256 291 298 291 285 278 285 285 304 282 269 256 
288 307 333 336 362 346 346 346 374 346 358 333 355 362 362 368 362 333 346 346 333 326 339 339 333 346 320 275 262 243 218 218 240 256 262 259 275 288 282 275 272 275 275 269 269 288 288 294 275 282 288 307 304 301 307 262 275 243 
256 326 339 346 352 346 365 346 374 374 352 362 352 374 368 384 346 358 336 374 326 346 333 362 339 333 307 307 256 246 230 243 240 259 278 269 266 288 288 301 275 262 282 272 288 294 291 294 298 314 301 326 301 288 288 285 288 275 
285 339 355 362 362 352 333 352 349 352 336 365 374 355 352 374 342 352 349 339 336 342 346 326 333 310 288 288 266 253 250 234 269 256 288 275 288 301 262 269 285 288 262 266 288 275 275 288 269 301 304 301 304 294 288 294 278 256 
224 326 342 346 368 333 371 352 352 368 342 365 346 368 339 349 352 352 362 355 362 339 320 342 339 352 317 269 259 246 218 246 240 266 275 275 275 291 269 269 275 278 262 269 266 285 288 304 298 282 301 282 301 294 314 288 285 256 
288 326 339 342 355 352 362 339 352 346 371 352 355 346 352 342 362 342 349 352 336 342 355 358 346 310 304 275 266 253 234 237 256 259 282 301 282 282 282 259 269 272 275 278 275 269 262 288 301 288 301 291 294 288 301 301 291 275 
218 326 365 362 362 368 362 358 352 381 371 362 371 371 336 346 362 358 378 358 368 368 358 342 333 352 314 294 282 253 237 237 253 272 266 278 275 278 278 282 269 275 291 282 301 282 269 288 294 301 278 298 301 288 301 294 288 269 
214 323 374 374 368 352 358 371 368 352 384 362 368 358 342 374 346 362 362 358 368 362 368 358 346 339 317 288 275 269 243 243 234 272 275 266 272 278 272 269 269 259 282 294 301 275 282 317 278 294 294 294 298 301 294 307 275 243 
221 342 368 358 358 378 371 358 371 368 368 368 362 365 365 362 374 358 362 371 384 374 368 374 339 339 358 310 298 272 250 234 259 288 278 278 266 275 275 262 278 269 266 275 288 282 282 275 307 298 301 291 294 307 304 301 288 256 
234 352 387 368 374 365 368 371 362 362 374 400 381 358 368 387 358 362 374 358 381 378 358 358 362 320 333 294 278 269 259 243 256 272 275 288 272 269 266 288 282 288 275 278 278 275 282 288 288 301 307 304 285 301 288 285 288 237 
218 326 387 371 371 358 352 352 387 374 381 387 374 394 381 394 374 352 387 365 358 374 387 371 374 339 320 314 307 282 262 243 237 259 256 262 282 301 275 291 282 282 266 275 288 282 291 282 285 285 291 304 310 294 301 278 294 218 
218 336 374 362 384 368 374 378 381 397 387 400 381 397 410 371 378 397 378 387 365 365 368 358 352 352 346 317 310 282 250 250 250 259 256 282 285 282 278 266 275 288 278 269 278 275 282 307 298 314 294 301 301 298 320 288 298 250 
218 317 378 413 374 406 387 387 387 394 387 410 378 410 397 384 390 381 381 362 365 378 374 378 387 362 336 310 285 269 243 237 278 256 269 269 275 294 282 288 272 291 298 301 278 285 301 282 301 301 285 314 307 320 298 307 294 230 
234 320 371 381 374 403 400 381 387 394 426 400 400 400 406 406 387 378 381 368 362 362 362 387 381 368 346 326 307 262 250 250 262 262 288 269 294 272 301 278 291 275 275 272 285 288 310 294 301 301 301 307 288 314 326 285 275 218 
307 320 368 374 400 410 378 387 381 403 410 416 413 397 397 390 413 387 381 381 406 362 381 368 374 381 352 326 291 269 253 256 250 266 259 285 278 304 285 278 294 301 285 282 298 282 278 291 294 326 304 294 310 320 301 307 288 262 
221 333 374 397 381 406 403 374 410 426 390 400 406 378 400 387 384 400 387 374 381 378 381 384 374 342 333 314 294 262 243 243 250 256 294 294 275 298 272 275 294 282 294 294 285 288 288 301 291 310 288 314 288 301 285 294 294 262 
218 320 374 352 400 368 394 374 406 394 410 381 400 394 374 384 390 400 368 403 394 381 358 378 368 355 358 326 294 250 243 253 234 262 275 278 256 282 275 278 291 307 278 307 320 275 288 291 294 298 291 294 294 298 307 288 282 214 
285 339 349 358 374 403 394 381 394 368 374 406 394 381 368 384 381 403 394 387 384 381 362 365 365 352 346 307 278 262 237 250 240 272 259 275 278 278 275 298 282 288 294 275 282 282 307 288 282 294 301 307 294 298 285 288 285 275 
282 326 352 368 368 381 397 352 368 381 400 374 394 390 362 374 362 358 362 368 394 365 352 358 362 346 352 333 285 256 256 240 262 285 269 275 269 278 275 288 272 266 298 288 288 304 288 294 282 282 269 285 288 288 294 278 282 240 
224 320 320 342 339 336 355 352 362 326 374 368 368 358 355 339 320 378 333 352 346 362 339 326 358 333 282 301 262 237 224 234 237 256 256 243 256 256 262 253 253 275 278 275 288 259 256 250 278 285 275 262 269 275 256 256 259 230 
224 282 288 218 227 301 320 224 333 294 221 224 301 307 224 227 266 221 224 307 288 230 214 285 250 230 272 250 218 224 214 218 227 218 243 230 218 224 224 250 240 259 234 230 227 250 230 221 224 246 224 214 237 243 227 243 230 218 
246 214 218 224 227 256 227 224 218 237 230 221 224 214 214 224 218 221 227 221 224 221 214 230 240 218 224 218 214 221 218 224 214 246 214 218 214 221 230 218 218 221 224 214 218 218 214 218 218 218 214 230 218 218 214 221 214 218 
