0 60 57 57 57 59 58 57 58 58 58 58 57 59 57 59 57 57 61 58 59 57 58 57 58 59 58 57 57 59 57 57 57 57 57 58 57 58 58 57 58 57 58 57 58 64 57 58 60 57 57 57 58 57 57 59 60 58 
57 59 66 68 63 59 62 60 72 64 70 69 66 69 60 61 63 60 70 68 67 57 64 68 65 65 65 70 58 59 57 58 63 78 70 72 89 81 77 78 71 97 78 69 80 66 76 90 98 80 80 92 85 106 94 105 95 65 
57 75 86 85 93 92 91 98 99 98 99 101 97 97 95 95 97 99 102 99 99 101 94 104 102 99 99 90 86 87 99 104 108 115 110 115 111 111 115 116 119 121 120 119 120 120 120 120 122 117 120 116 122 126 123 119 114 80 
62 80 92 92 101 101 104 107 107 109 113 111 107 111 106 107 109 105 109 113 115 112 110 113 118 114 106 98 92 94 104 113 119 120 124 125 121 123 120 122 130 131 135 132 126 133 127 133 130 125 123 125 127 132 128 133 116 80 
57 80 91 99 98 102 108 108 114 118 113 116 116 115 114 109 114 116 118 119 121 119 120 116 122 118 118 109 95 98 104 111 119 128 129 129 130 127 133 130 136 136 137 140 137 138 138 132 139 136 138 142 141 133 137 137 124 86 
58 81 94 101 106 108 108 115 115 118 120 121 117 116 115 121 119 122 125 124 129 126 129 131 127 121 115 108 103 97 104 114 121 133 133 128 129 135 135 136 135 138 148 138 138 146 144 142 144 146 146 139 142 140 138 139 125 84 
57 84 94 104 108 110 113 112 113 118 123 118 121 120 122 123 125 119 126 127 131 135 132 140 126 121 121 108 106 103 108 117 123 132 137 136 135 137 135 144 142 143 145 144 146 140 145 148 152 149 143 147 145 149 141 140 127 88 
59 86 97 106 107 113 114 112 118 122 121 119 119 123 122 125 123 125 127 128 131 136 137 138 134 132 125 116 104 97 103 110 120 125 131 131 136 133 135 137 142 142 152 144 151 149 147 149 152 152 151 154 150 157 142 145 126 81 
57 82 99 105 109 109 113 113 119 117 119 121 123 123 121 125 125 129 128 134 134 136 136 137 131 131 123 112 106 103 103 113 125 128 129 134 135 137 139 138 141 141 146 150 151 150 152 147 152 153 157 152 151 153 150 144 132 89 
61 87 101 107 111 112 117 117 118 119 120 118 118 121 120 128 126 130 134 133 134 138 137 139 140 130 123 118 105 103 104 112 117 128 129 134 133 137 143 142 138 139 145 144 142 151 152 152 155 154 154 152 148 153 146 139 134 93 
62 91 100 110 111 114 117 122 120 119 117 120 117 117 124 125 124 131 130 135 137 137 136 131 137 130 123 112 107 102 103 114 119 132 131 134 135 136 134 136 145 146 145 148 151 146 152 148 154 153 149 149 152 154 149 145 128 93 
74 92 101 108 111 119 115 114 119 122 119 118 116 117 119 118 132 125 135 134 138 137 136 138 133 131 121 108 103 98 106 115 120 123 137 137 137 136 137 138 138 141 139 143 147 148 151 149 156 152 147 155 154 149 146 144 131 107 
74 92 98 106 111 116 119 113 118 118 117 113 119 120 120 122 125 129 137 135 136 133 137 138 140 132 125 115 104 96 105 110 114 122 128 132 131 130 136 137 142 138 143 145 148 152 149 152 151 153 150 155 156 150 146 137 130 81 
80 91 99 105 108 112 116 118 119 117 122 117 113 116 120 124 122 134 131 134 137 134 132 133 134 123 121 115 107 102 104 108 117 126 131 126 134 133 136 142 144 138 142 139 144 149 151 151 149 149 148 145 155 155 139 138 133 110 
76 93 105 109 113 117 119 121 119 121 117 119 118 119 122 123 128 126 135 136 134 134 139 134 134 128 123 113 109 106 103 109 120 123 127 129 129 133 133 136 141 140 140 138 141 149 156 147 156 153 149 150 149 148 146 143 130 110 
78 94 99 105 109 115 115 118 119 116 119 123 121 119 123 122 127 130 134 139 132 136 133 133 133 127 120 110 103 99 104 104 115 120 125 133 132 131 136 141 138 135 141 139 149 148 144 152 149 148 150 145 147 141 148 139 133 96 
75 92 103 107 113 116 118 117 117 120 121 120 120 123 119 122 123 131 133 134 131 132 133 135 128 127 123 110 102 95 103 109 114 124 126 130 133 137 134 137 135 138 137 144 141 146 139 148 150 150 149 147 146 149 144 138 130 86 
65 88 99 105 111 113 113 110 118 118 123 123 120 124 121 123 132 132 137 138 132 136 131 135 134 129 121 112 94 97 98 104 113 120 124 127 130 132 133 137 134 137 142 140 144 145 146 147 147 146 144 143 147 137 137 141 130 83 
63 89 95 101 105 111 109 114 115 120 123 123 125 129 124 128 126 132 135 130 135 137 136 135 129 129 123 113 95 94 99 105 115 118 123 128 127 127 132 133 136 135 136 138 137 139 144 145 147 141 147 144 145 139 137 134 124 80 
59 84 97 106 108 107 116 113 117 117 123 121 125 126 127 125 129 137 133 135 135 131 135 128 133 127 124 110 94 94 95 108 115 119 126 128 126 131 134 132 135 137 137 140 141 146 147 142 146 141 147 144 147 139 136 131 122 84 
60 81 94 98 107 109 111 109 117 115 120 123 123 126 123 127 131 130 132 133 138 136 131 130 133 133 120 108 94 93 98 105 111 122 122 124 129 127 128 131 137 135 138 137 140 144 141 142 140 142 137 144 142 139 137 131 120 78 
62 82 94 104 102 105 112 115 115 117 120 119 123 127 123 124 130 133 128 133 134 134 131 130 127 133 118 107 94 89 100 105 113 117 124 123 122 127 129 136 133 136 137 134 139 137 140 142 142 144 141 143 137 137 134 132 119 70 
66 84 92 101 104 106 109 111 111 120 118 118 118 121 127 124 129 128 134 129 129 134 125 127 128 123 123 109 97 86 94 104 108 117 119 118 123 123 127 124 123 134 136 133 131 137 137 135 131 135 139 133 137 132 134 129 116 79 
58 84 93 95 99 106 106 108 108 111 116 118 118 122 116 120 122 125 123 124 126 124 124 125 123 121 114 109 96 92 95 101 110 110 117 115 120 120 123 125 122 127 127 134 131 136 133 134 129 130 134 130 133 126 128 125 112 77 
62 79 90 95 96 101 103 102 105 110 109 108 111 113 116 116 113 123 123 125 120 119 124 121 123 122 117 102 90 89 96 96 106 110 108 111 113 114 121 120 126 122 126 126 123 127 123 126 125 127 123 127 123 124 119 123 116 72 
60 78 86 89 92 96 94 98 98 100 101 104 106 107 106 107 108 115 113 119 115 120 117 119 115 121 110 102 86 88 90 94 104 102 108 111 111 107 110 117 115 116 118 121 120 118 117 121 122 115 119 112 121 118 118 119 107 75 
58 72 78 81 88 91 89 88 93 94 97 94 98 97 101 99 101 104 107 108 109 107 103 110 108 114 103 93 86 83 86 93 96 99 102 102 106 102 102 105 108 112 107 106 110 109 113 108 108 109 107 114 108 111 110 106 98 73 
58 65 72 74 74 78 75 76 77 79 81 84 80 81 79 86 83 87 89 94 93 91 92 103 97 97 91 84 68 70 74 81 89 90 87 89 86 88 91 93 93 94 94 96 90 93 93 90 93 95 90 95 96 98 88 98 91 73 
57 57 58 57 59 57 57 58 57 61 57 57 60 57 59 57 59 61 63 61 57 63 61 65 63 65 70 59 61 57 57 57 58 58 65 63 60 65 62 57 59 57 59 59 59 61 59 57 57 57 57 58 67 65 64 73 70 64 
