0 386 409 400 398 374 355 367 367 359 343 285 337 134 404 402 401 407 412 409 424 442 435 219 347 387 405 410 391 397 404 398 408 399 170 353 212 231 380 407 393 386 393 406 405 420 396 349 
379 462 471 458 462 452 415 428 441 428 401 333 368 421 443 445 432 456 453 450 470 503 484 430 419 479 491 493 471 465 480 469 470 477 432 411 371 426 452 469 462 457 465 461 451 477 439 396 
406 488 509 471 488 480 464 464 478 462 426 379 384 453 474 451 459 468 471 471 499 526 509 469 459 525 545 527 508 514 529 507 509 507 476 429 403 458 500 496 482 474 501 493 490 512 477 413 
414 458 484 463 477 477 458 442 454 453 421 362 377 422 462 450 457 461 446 448 457 489 487 464 456 516 529 525 494 517 507 495 494 499 478 432 410 455 480 484 476 472 507 501 486 501 465 231 
388 433 459 451 452 466 434 431 443 436 419 365 367 408 448 447 450 449 431 442 461 469 480 441 461 507 524 521 500 498 485 473 460 470 454 431 423 482 511 508 481 465 489 488 475 486 466 403 
388 442 466 453 466 473 456 457 466 447 410 363 360 426 462 459 455 479 453 450 475 494 485 441 452 499 545 540 518 497 492 464 453 481 462 440 420 483 530 545 506 486 521 487 481 489 452 395 
380 438 447 437 431 443 435 441 439 434 423 358 368 417 444 445 446 454 450 461 472 491 470 434 421 467 499 501 487 474 457 418 424 448 445 443 412 461 496 500 448 449 483 464 468 466 422 353 
376 406 431 395 399 418 400 401 417 417 415 358 366 410 424 425 414 447 455 445 468 471 470 443 418 437 456 457 457 461 439 409 421 444 448 418 392 433 444 459 443 424 443 440 459 446 395 338 
374 408 424 405 396 416 402 395 411 415 397 356 373 420 436 423 425 430 447 447 463 477 457 427 418 433 460 464 448 445 432 412 417 430 439 412 389 429 440 450 431 419 439 442 451 468 411 363 
398 426 418 413 401 405 407 407 420 422 413 358 363 416 426 411 403 426 423 426 449 482 447 398 414 444 444 460 435 415 430 406 407 430 428 411 373 416 418 446 429 422 433 435 439 460 437 396 
377 407 410 404 392 377 381 396 413 405 412 334 356 380 392 390 397 401 399 400 421 430 428 379 389 426 426 424 398 391 398 384 389 414 402 383 343 384 411 412 407 409 417 415 428 446 441 403 
325 359 359 367 361 350 340 344 355 378 343 263 315 356 359 358 363 354 357 354 368 390 374 334 321 375 383 372 346 346 356 354 345 369 363 353 287 325 381 377 364 353 379 383 380 410 393 371 
289 300 330 340 355 337 317 322 335 339 332 304 342 375 384 382 380 373 356 356 348 354 348 311 330 365 388 362 355 355 358 366 369 380 376 354 344 381 394 385 380 386 385 393 409 425 424 378 
330 372 384 380 384 379 362 367 379 369 371 327 382 412 411 413 403 401 385 385 378 378 375 340 366 406 413 401 384 388 396 389 406 415 420 396 386 424 435 435 419 419 432 419 457 496 470 420 
353 399 412 398 405 398 380 380 415 396 393 349 387 424 435 426 416 413 405 399 403 411 395 361 367 413 429 414 401 395 403 397 414 439 428 391 420 462 464 469 434 435 448 444 494 532 500 436 
372 414 425 398 399 398 382 371 394 403 394 352 374 386 410 397 399 404 394 397 403 410 404 373 382 424 435 426 399 393 399 397 412 425 432 392 434 464 449 431 417 422 448 461 502 543 504 439 
368 388 398 392 391 383 365 356 386 381 372 339 371 385 393 389 383 390 383 386 394 399 405 374 394 430 443 417 401 395 406 407 415 433 436 407 421 445 416 390 378 391 420 453 476 511 481 419 
368 407 409 405 389 390 371 364 388 393 377 343 349 385 389 389 384 399 388 390 401 413 403 374 409 445 456 439 423 418 429 445 454 481 467 427 415 436 430 411 389 396 429 447 483 499 483 411 
381 427 426 406 393 408 373 375 397 398 385 356 374 386 405 395 402 404 394 392 422 431 419 385 410 448 471 458 443 445 462 470 487 498 479 438 426 446 435 408 383 395 429 441 476 510 454 399 
380 417 430 409 403 408 374 371 399 394 403 365 373 389 400 401 390 401 390 394 432 443 435 394 419 464 498 476 459 474 497 484 494 520 490 437 430 426 422 408 371 386 414 439 457 466 413 380 
366 429 439 427 417 414 393 397 409 413 393 364 373 398 417 415 421 414 403 421 440 466 460 423 429 481 522 532 524 537 546 529 546 557 522 458 425 438 418 409 400 410 431 452 471 464 409 390 
386 436 453 437 431 424 404 403 414 412 392 357 380 399 409 427 420 419 418 418 449 480 470 402 456 512 555 553 531 540 554 539 547 560 516 467 412 430 427 427 414 428 451 453 472 447 421 381 
365 409 425 413 401 397 386 379 394 388 379 351 364 384 402 406 380 398 401 409 435 462 432 367 423 466 494 511 493 495 499 491 492 508 480 438 373 393 410 409 384 399 430 430 427 423 398 343 
332 364 388 371 357 355 348 359 347 343 324 311 326 334 353 374 362 358 368 364 390 401 374 327 343 410 434 448 439 433 425 434 436 441 427 383 333 356 360 351 339 333 370 366 362 383 354 317 
