0 360 389 379 376 378 369 381 388 378 344 316 294 317 325 329 329 334 336 341 350 344 331 287 275 303 312 313 305 289 323 328 338 342 332 297 285 336 355 349 343 350 353 132 374 149 303 260 
386 430 456 437 444 440 420 418 430 418 399 357 323 355 359 370 373 376 379 387 401 390 377 323 324 356 373 346 343 343 371 371 369 399 383 355 353 402 424 434 421 406 402 411 410 400 355 303 
426 463 493 482 497 488 450 428 464 461 421 375 362 383 379 388 385 398 412 424 445 452 417 376 359 393 396 389 383 398 415 419 419 437 419 382 378 430 458 460 443 438 439 448 443 440 375 331 
418 453 482 480 489 466 437 445 464 450 427 392 372 392 397 387 384 413 427 446 476 479 465 406 368 384 400 399 390 414 419 412 420 433 423 387 395 434 465 473 459 449 451 451 455 457 424 336 
399 447 471 468 464 471 436 434 451 431 421 395 377 412 410 401 396 425 448 448 476 487 474 440 368 388 395 401 403 409 414 408 409 422 405 384 393 428 451 471 452 454 466 454 451 461 436 354 
414 466 494 475 475 481 441 428 459 451 426 396 402 439 443 439 442 460 467 473 504 503 475 424 377 400 416 417 409 423 424 421 429 446 417 381 393 441 484 496 476 485 494 476 481 489 440 356 
417 484 483 474 449 455 410 410 427 453 438 405 408 445 456 442 446 456 462 458 480 484 459 413 376 411 418 413 394 417 433 415 433 438 404 375 398 457 494 507 493 493 494 465 467 484 436 358 
418 469 479 462 445 438 420 408 436 444 441 405 416 439 468 450 441 456 458 455 467 447 425 387 381 402 404 395 404 410 408 411 402 412 393 364 395 447 472 503 489 485 478 446 454 465 414 363 
410 455 500 469 445 475 447 439 463 463 438 408 413 451 484 470 457 471 468 446 462 451 424 375 376 411 432 423 404 414 419 411 421 429 410 378 393 446 505 510 506 502 501 458 471 474 409 369 
416 462 477 456 462 470 448 430 475 468 442 382 422 463 486 484 459 478 465 450 457 433 414 360 378 413 438 428 409 418 413 404 421 439 430 385 400 452 485 516 492 489 486 463 479 472 425 365 
411 429 461 446 422 434 434 424 435 443 413 346 404 438 468 460 452 463 447 429 425 409 386 343 363 389 419 410 402 399 385 382 404 414 402 382 376 416 450 475 455 457 453 453 443 432 382 338 
127 392 407 401 394 401 394 393 405 403 369 306 380 418 438 438 436 422 407 409 393 380 358 292 329 365 380 375 380 376 363 362 371 374 358 330 334 389 412 426 414 400 406 401 374 357 327 296 
270 304 339 339 341 360 394 410 410 391 377 350 366 399 410 416 409 398 377 393 405 409 399 357 351 383 394 383 392 379 361 357 339 357 342 299 271 303 307 314 333 351 369 371 371 378 359 307 
319 351 384 388 392 431 441 442 457 442 433 411 392 432 444 440 437 426 429 422 444 457 438 404 398 428 437 423 414 408 381 355 357 371 363 327 316 344 353 340 342 364 395 402 406 426 405 368 
338 395 411 420 436 474 466 476 476 467 448 428 427 458 476 469 466 466 452 451 479 484 454 413 410 448 466 447 433 431 414 376 390 411 388 339 320 356 381 382 365 375 398 406 429 441 430 389 
343 415 441 452 451 489 475 469 487 481 455 431 412 459 474 463 466 478 467 459 476 502 470 402 409 439 459 456 439 437 447 412 424 449 408 364 307 339 365 384 374 378 400 410 421 432 423 376 
355 413 442 437 448 472 459 460 482 458 459 433 415 446 470 446 436 459 450 448 466 481 465 420 396 430 441 433 425 431 436 428 430 443 417 373 305 338 349 361 348 367 382 387 405 410 386 345 
361 430 473 457 460 482 466 463 493 479 461 425 408 449 476 449 416 457 463 451 480 478 463 422 413 435 456 444 424 444 456 433 447 460 434 390 308 340 374 388 377 374 396 383 405 424 374 321 
376 441 482 472 474 490 483 469 491 491 460 426 428 456 484 477 452 488 479 470 488 487 454 420 409 459 463 459 437 448 464 442 462 469 437 379 345 385 403 414 402 398 433 422 430 441 387 320 
353 434 474 463 460 474 465 472 493 467 459 443 426 447 477 466 470 493 478 478 476 453 448 421 420 443 452 424 415 407 432 424 436 438 407 380 361 397 413 408 395 407 430 427 428 419 376 326 
353 422 467 469 465 483 482 477 502 485 461 427 433 468 493 491 492 508 493 484 484 474 449 418 408 450 463 449 411 433 445 422 441 458 427 382 371 411 423 427 406 406 448 428 413 419 382 326 
339 401 462 459 467 489 481 479 509 490 464 430 454 491 514 499 501 504 496 481 487 490 446 417 421 459 485 479 456 464 478 453 465 467 428 370 370 407 440 435 409 417 441 442 428 418 388 338 
310 338 418 423 426 443 442 439 471 445 428 419 439 460 498 469 455 459 462 436 434 434 406 381 401 427 450 461 441 444 428 433 429 426 373 343 347 393 413 387 387 392 401 411 375 374 348 332 
-2260992 230 341 369 389 390 389 389 399 384 373 357 208 233 438 420 416 414 401 401 375 359 331 200 355 384 397 396 391 394 379 378 353 338 305 267 259 328 334 332 329 351 348 338 314 314 309 287 
