0 101 101 102 102 102 103 108 101 101 101 104 101 103 101 101 101 101 102 104 103 101 102 101 101 104 104 104 104 102 101 101 101 104 102 101 102 101 107 101 104 106 103 102 104 103 102 104 101 102 102 102 106 103 101 104 105 105 
126 134 137 140 133 135 142 141 151 144 143 145 136 142 142 140 127 140 126 140 146 135 138 143 134 136 134 119 117 107 101 105 101 105 108 101 107 104 103 102 107 101 110 118 107 114 107 116 110 112 107 109 112 106 113 111 106 106 
108 140 156 146 144 149 160 146 158 143 154 165 151 153 162 144 145 155 138 150 148 138 149 150 153 137 141 129 117 108 106 103 105 102 107 107 109 107 104 113 109 110 108 108 106 111 120 105 108 116 112 119 110 116 119 114 123 108 
123 151 148 147 151 159 150 151 160 148 166 154 159 153 162 161 161 150 156 152 160 159 156 131 149 142 134 128 113 106 109 103 113 113 108 111 114 109 111 114 120 119 119 127 121 123 113 123 118 121 117 127 115 121 116 126 123 105 
133 139 152 149 159 153 161 163 154 150 164 164 159 162 164 159 151 157 161 159 159 155 158 146 152 156 144 136 125 111 106 104 108 118 112 114 119 115 122 117 124 118 127 121 122 126 130 127 125 130 117 121 125 123 129 126 123 114 
143 144 162 156 160 154 158 168 165 166 166 159 166 168 157 156 160 158 158 156 159 164 156 155 155 145 135 131 118 116 104 107 113 118 122 125 125 124 126 119 124 123 128 126 125 122 120 129 128 136 130 131 124 127 133 126 122 109 
133 135 158 163 159 154 154 166 165 164 173 165 164 167 165 163 158 181 168 158 158 159 154 164 151 160 148 137 117 119 104 109 109 110 120 123 121 128 126 127 130 125 118 126 126 126 131 123 136 142 136 141 131 133 129 141 125 123 
141 152 161 157 160 161 170 162 165 173 174 167 168 160 172 172 174 161 170 154 158 156 152 159 154 161 148 129 120 110 102 108 115 126 122 133 134 123 127 123 132 132 134 133 134 130 121 137 140 137 134 131 134 134 143 132 126 121 
136 145 157 158 171 162 163 162 177 162 168 157 167 170 170 174 170 156 162 162 156 153 160 160 157 162 150 129 123 115 103 103 113 120 124 122 129 136 133 129 128 130 129 127 127 136 135 138 130 133 135 145 143 141 145 124 129 115 
120 154 159 162 166 163 172 163 176 177 166 170 165 176 174 181 163 168 158 176 154 163 157 171 159 156 144 145 120 116 109 114 113 122 131 127 125 135 135 141 130 124 132 128 136 139 137 138 140 148 141 154 141 135 136 134 135 130 
134 160 167 170 171 166 157 165 164 166 158 172 177 167 165 176 161 165 164 160 158 161 163 154 157 146 135 136 125 119 117 110 126 121 135 130 136 142 124 126 134 135 123 125 135 129 129 135 127 141 143 141 143 139 136 139 131 121 
106 153 161 163 174 157 175 165 165 173 161 172 163 174 160 164 165 165 171 167 171 159 151 161 159 165 149 127 122 116 102 116 113 125 129 129 129 137 127 126 130 131 123 126 125 134 135 143 140 133 141 132 142 139 148 136 134 121 
135 154 159 161 167 166 170 160 165 163 175 165 167 162 165 161 171 161 164 165 158 161 167 168 162 146 143 129 125 119 110 112 121 122 132 141 133 132 133 122 126 128 129 131 129 127 124 135 141 136 142 137 139 135 141 141 137 129 
103 154 172 170 170 173 171 169 165 180 175 171 175 175 158 163 171 169 178 169 174 173 169 161 157 165 148 138 132 119 111 111 119 128 125 131 129 131 131 133 126 130 137 133 141 132 126 136 139 141 131 140 141 136 142 139 136 127 
101 152 177 176 174 166 169 175 173 165 181 171 173 168 161 177 163 170 170 168 173 171 173 168 163 159 149 136 130 126 115 115 110 128 130 125 128 131 128 126 126 122 132 138 142 129 133 149 131 139 138 139 140 142 138 145 129 114 
104 161 173 169 168 178 175 169 175 173 173 174 170 172 172 171 177 169 171 175 181 177 174 176 160 160 169 146 140 128 118 110 122 136 131 131 125 130 129 123 131 127 125 129 135 133 132 130 145 140 141 137 138 145 143 141 136 121 
110 165 182 174 176 172 174 175 171 170 177 189 180 169 174 183 169 170 177 169 179 178 168 169 171 150 157 139 131 127 122 114 120 128 130 135 128 126 125 136 132 135 129 131 131 129 133 135 136 142 144 143 134 141 136 134 136 112 
102 153 182 175 175 169 166 166 183 176 180 182 177 185 179 186 176 166 183 172 168 177 183 175 177 160 151 148 144 132 123 114 112 122 120 123 133 141 129 137 133 132 125 129 135 132 137 132 134 134 137 143 146 138 142 131 139 102 
102 158 176 170 181 174 176 178 180 187 183 189 180 187 193 175 178 187 178 183 172 172 173 168 166 165 162 149 146 132 117 118 118 122 121 133 134 132 131 125 130 135 131 127 131 130 133 144 140 148 139 141 141 140 150 136 140 117 
102 149 178 194 176 191 183 182 183 186 182 193 178 193 187 181 184 180 179 170 172 178 177 178 182 170 158 146 134 127 115 111 131 120 127 126 130 138 133 135 128 137 140 142 131 134 141 133 142 141 134 148 144 150 140 145 139 108 
110 151 175 179 176 190 188 179 182 186 200 188 189 188 192 192 182 178 179 173 171 171 170 183 179 174 162 153 144 124 117 117 123 123 136 126 138 128 141 131 137 130 129 128 134 136 146 138 141 142 141 145 136 147 154 134 130 103 
144 151 174 177 189 193 178 183 179 190 193 196 194 187 187 184 195 183 180 180 191 171 179 173 176 179 165 154 137 126 119 121 118 125 122 134 131 143 134 131 139 142 134 133 140 132 131 137 139 153 143 139 146 150 141 145 136 124 
104 157 177 187 179 192 190 177 193 200 184 189 191 178 188 183 181 189 183 177 179 178 180 181 177 161 157 147 139 123 114 115 117 121 139 138 129 140 128 129 139 133 138 139 134 136 135 141 137 146 136 148 136 142 134 139 138 124 
102 151 176 165 188 174 186 176 191 186 193 180 188 186 177 181 184 189 174 190 186 180 168 178 173 167 168 153 139 117 114 119 110 123 130 131 120 132 130 131 137 145 131 144 150 130 135 137 139 140 137 138 138 140 145 135 132 101 
134 159 164 168 176 190 186 180 186 174 177 191 185 180 173 181 180 190 186 183 181 180 171 172 172 166 162 144 131 124 112 117 113 128 122 129 131 131 130 140 132 136 139 129 133 133 145 135 133 139 141 145 139 140 134 136 134 130 
132 154 166 173 173 180 187 165 174 180 189 177 185 184 170 177 171 169 171 174 185 172 166 169 171 163 166 157 134 121 120 113 124 134 126 129 127 131 129 136 128 125 140 135 135 143 136 139 133 132 127 134 136 136 139 131 132 113 
105 150 151 161 159 158 167 165 170 153 177 174 174 168 167 160 150 178 157 165 162 171 160 154 169 156 133 141 124 112 105 110 111 120 121 114 120 120 123 119 119 130 131 129 135 122 121 117 131 134 129 124 127 129 120 121 122 108 
106 133 136 102 107 141 150 105 157 139 104 106 141 145 106 107 125 104 105 145 135 108 101 134 118 108 128 118 102 106 101 102 107 102 114 108 103 106 105 117 113 122 110 108 107 118 108 104 105 116 106 101 111 115 107 114 109 102 
116 101 102 105 107 121 107 105 102 111 109 104 106 101 101 106 102 104 107 104 106 104 101 108 113 102 105 103 101 104 102 106 101 116 101 102 101 104 108 103 102 104 105 101 103 102 101 103 102 102 101 109 102 102 101 104 101 103 
