0 41 41 42 42 42 42 44 41 41 41 43 41 42 41 41 41 41 42 43 42 41 42 41 41 43 43 43 43 42 41 41 41 43 42 41 42 41 44 41 43 43 42 42 43 42 42 43 41 42 42 42 43 42 41 43 43 43 
52 55 56 57 54 55 58 58 62 59 59 59 55 58 58 57 52 57 52 57 60 55 57 59 55 55 55 49 48 44 41 43 41 43 44 41 44 43 42 42 44 41 45 48 44 47 44 47 45 46 44 44 46 43 46 46 43 43 
44 57 64 60 59 61 65 60 65 59 63 68 62 63 67 59 59 64 57 62 60 57 61 62 63 56 58 53 48 44 43 42 43 42 44 44 44 44 43 46 44 45 44 44 43 46 49 43 44 47 46 49 45 47 49 47 51 44 
51 62 60 60 62 65 62 62 65 60 68 63 65 63 67 66 66 62 64 62 65 65 64 54 61 58 55 52 46 43 44 42 46 46 44 46 47 44 46 47 49 49 49 52 49 51 46 51 48 49 48 52 47 49 47 52 51 43 
54 57 62 61 65 63 66 67 63 62 67 67 65 67 67 65 62 64 66 65 65 64 65 60 62 64 59 55 51 46 43 43 44 48 46 47 49 47 50 48 51 48 52 49 50 52 53 52 51 53 48 49 51 51 53 52 51 47 
59 59 67 64 65 63 65 69 68 68 68 65 68 69 64 64 65 65 65 64 65 67 64 64 64 59 55 54 48 47 43 44 46 48 50 51 51 51 52 49 51 51 52 52 51 50 49 53 52 55 53 54 51 52 54 52 50 44 
54 55 65 67 65 63 63 68 68 67 71 68 67 68 68 67 65 74 69 65 65 65 63 67 62 65 60 56 48 49 43 44 44 45 49 51 49 52 52 52 53 51 48 52 52 52 54 51 55 58 55 58 54 54 53 58 51 51 
58 62 66 64 65 66 70 67 68 71 71 68 69 65 70 70 71 66 70 63 65 64 62 65 63 66 60 53 49 45 42 44 47 52 50 54 55 51 52 51 54 54 55 54 55 53 49 56 57 56 55 54 55 55 59 54 52 49 
55 59 64 65 70 67 67 67 72 67 69 64 68 70 70 71 70 64 67 67 64 63 65 65 64 67 62 53 51 47 42 42 46 49 51 50 53 55 54 53 52 53 53 52 52 55 55 57 53 54 55 59 59 58 59 51 53 47 
49 63 65 67 68 67 70 67 72 72 68 70 68 72 71 74 67 69 65 72 63 67 64 70 65 64 59 59 49 47 44 47 46 50 54 52 51 55 55 58 53 51 54 52 55 57 56 57 57 60 58 63 58 55 55 55 55 53 
55 65 68 70 70 68 64 68 67 68 65 70 72 68 68 72 66 68 67 65 65 66 67 63 64 60 55 55 51 49 48 45 52 49 55 53 55 58 51 52 55 55 51 51 55 53 53 55 52 58 59 58 59 57 55 57 54 49 
43 63 66 67 71 64 72 68 68 71 66 70 67 71 65 67 68 68 70 68 70 65 62 66 65 68 61 52 50 47 42 47 46 51 53 53 53 56 52 52 53 54 51 52 51 55 55 59 57 54 58 54 58 57 60 55 55 49 
55 63 65 66 68 68 70 65 68 67 72 68 68 67 68 66 70 66 67 68 65 66 68 69 67 60 59 53 51 49 45 46 49 50 54 58 54 54 54 50 52 52 53 54 53 52 51 55 58 55 58 56 57 55 58 58 56 53 
42 63 70 70 70 71 70 69 68 73 72 70 72 72 65 67 70 69 73 69 71 71 69 66 64 68 60 57 54 49 46 46 49 52 51 54 53 54 54 54 52 53 56 54 58 54 52 55 57 58 54 57 58 55 58 57 55 52 
41 62 72 72 71 68 69 72 71 68 74 70 71 69 66 72 67 70 70 69 71 70 71 69 67 65 61 55 53 52 47 47 45 52 53 51 52 54 52 52 52 50 54 57 58 53 54 61 54 57 57 57 57 58 57 59 53 47 
43 66 71 69 69 73 72 69 72 71 71 71 70 70 70 70 72 69 70 72 74 72 71 72 65 65 69 60 57 52 48 45 50 55 54 54 51 53 53 51 54 52 51 53 55 54 54 53 59 57 58 56 57 59 59 58 55 49 
45 68 75 71 72 70 71 72 70 70 72 77 73 69 71 75 69 70 72 69 73 73 69 69 70 62 64 57 54 52 50 47 49 52 53 55 52 52 51 55 54 55 53 54 54 53 54 55 55 58 59 59 55 58 55 55 55 46 
42 63 75 72 72 69 68 68 75 72 73 75 72 76 73 76 72 68 75 70 69 72 75 72 72 65 62 60 59 54 51 47 46 50 49 51 54 58 53 56 54 54 51 53 55 54 56 54 55 55 56 59 60 57 58 54 57 42 
42 65 72 70 74 71 72 73 73 76 75 77 73 76 79 72 73 76 73 75 70 70 71 69 68 68 67 61 60 54 48 48 48 50 49 54 55 54 54 51 53 55 54 52 54 53 54 59 57 60 57 58 58 57 62 55 57 48 
42 61 73 80 72 78 75 75 75 76 75 79 73 79 76 74 75 73 73 70 70 73 72 73 75 70 65 60 55 52 47 46 54 49 52 52 53 57 54 55 52 56 57 58 54 55 58 54 58 58 55 60 59 62 57 59 57 44 
45 62 72 73 72 78 77 73 75 76 82 77 77 77 78 78 75 73 73 71 70 70 70 75 73 71 67 63 59 51 48 48 51 51 55 52 57 52 58 54 56 53 53 52 55 55 60 57 58 58 58 59 55 60 63 55 53 42 
59 62 71 72 77 79 73 75 73 78 79 80 80 76 76 75 80 75 73 73 78 70 73 71 72 73 68 63 56 52 49 49 48 51 50 55 54 59 55 54 57 58 55 54 57 54 54 56 57 63 59 57 60 62 58 59 55 51 
43 64 72 76 73 78 78 72 79 82 75 77 78 73 77 75 74 77 75 72 73 73 73 74 72 66 64 60 57 51 47 47 48 49 57 57 53 57 52 53 57 54 57 57 55 55 55 58 56 60 55 60 55 58 55 57 57 51 
42 62 72 68 77 71 76 72 78 76 79 73 77 76 72 74 75 77 71 78 76 73 69 73 71 68 69 63 57 48 47 49 45 51 53 54 49 54 53 54 56 59 54 59 62 53 55 56 57 57 56 57 57 57 59 55 54 41 
55 65 67 69 72 78 76 73 76 71 72 78 76 73 71 74 73 78 76 75 74 73 70 70 70 68 67 59 54 51 46 48 46 52 50 53 54 54 53 57 54 55 57 53 54 54 59 55 54 57 58 59 57 57 55 55 55 53 
54 63 68 71 71 73 76 68 71 73 77 72 76 75 70 72 70 69 70 71 76 70 68 69 70 67 68 64 55 49 49 46 51 55 52 53 52 54 53 55 52 51 57 55 55 59 55 57 54 54 52 55 55 55 57 54 54 46 
43 62 62 66 65 65 68 68 70 63 72 71 71 69 68 65 62 73 64 68 67 70 65 63 69 64 54 58 51 46 43 45 46 49 49 47 49 49 51 49 49 53 54 53 55 50 49 48 54 55 53 51 52 53 49 49 50 44 
43 54 55 42 44 58 62 43 64 57 43 43 58 59 43 44 51 43 43 59 55 44 41 55 48 44 52 48 42 43 41 42 44 42 47 44 42 43 43 48 46 50 45 44 44 48 44 43 43 47 43 41 46 47 44 47 44 42 
47 41 42 43 44 49 44 43 42 46 44 43 43 41 41 43 42 43 44 43 43 43 41 44 46 42 43 42 41 43 42 43 41 47 41 42 41 43 44 42 42 43 43 41 42 42 41 42 42 42 41 44 42 42 41 43 41 42 
