0 64 61 61 61 63 62 61 62 62 62 62 61 63 61 63 61 61 65 62 63 61 62 61 62 63 62 61 61 63 61 61 61 61 61 62 61 62 62 61 62 61 62 61 62 68 61 62 64 61 61 61 62 61 61 63 64 62 
61 63 71 73 67 63 66 64 77 68 75 74 71 74 64 65 67 64 75 73 72 61 68 73 69 69 69 75 62 63 61 62 67 83 75 77 95 87 82 83 76 104 83 74 86 71 81 96 105 86 86 98 91 113 100 112 102 70 
61 80 92 91 99 98 97 105 106 105 106 108 104 104 102 102 104 106 109 106 106 108 101 111 109 106 106 96 92 93 106 111 116 123 118 123 119 119 123 124 127 129 128 127 128 128 128 128 130 125 128 124 130 135 132 127 122 85 
66 85 98 98 108 108 111 114 114 117 121 119 114 119 113 114 117 112 117 121 123 120 118 121 126 122 113 105 98 101 111 121 127 128 133 134 129 132 128 130 139 140 144 141 135 142 136 142 139 134 132 134 136 141 137 142 124 86 
61 85 97 106 105 109 115 116 122 126 121 124 124 123 122 117 122 124 126 127 129 127 128 124 130 126 126 117 102 105 111 119 127 137 138 138 139 136 142 139 145 145 147 150 147 148 148 141 149 145 148 152 151 142 147 146 133 92 
62 87 100 108 113 116 116 123 123 126 128 129 125 124 123 129 127 130 134 133 138 135 138 140 136 129 123 116 110 104 111 122 129 142 142 137 138 144 144 145 144 148 158 148 148 156 154 152 154 156 156 149 152 150 148 149 134 90 
61 90 101 111 116 118 121 120 121 126 132 126 129 128 130 132 134 127 135 136 140 144 141 150 135 129 129 115 113 110 115 125 131 141 147 145 144 147 144 154 152 153 155 154 156 150 155 158 163 159 153 157 155 159 151 150 136 94 
63 92 104 113 114 121 122 120 126 130 129 127 127 131 130 134 131 134 136 137 140 145 147 148 143 141 134 124 111 104 110 118 128 134 140 140 145 142 144 147 152 152 162 154 161 159 157 159 162 162 161 165 160 168 152 155 135 87 
61 88 106 112 117 117 121 121 127 125 127 129 132 131 129 134 134 138 137 143 143 145 145 147 140 140 131 120 113 110 110 121 134 137 138 143 144 147 149 148 151 151 156 160 161 160 163 157 163 164 168 162 161 164 160 154 141 95 
65 93 108 114 119 120 125 125 126 127 128 126 126 129 128 137 135 139 143 142 143 148 146 149 150 139 131 126 112 110 111 120 125 137 138 143 142 146 153 152 148 149 155 154 152 161 163 163 166 165 165 163 158 164 156 149 143 99 
66 97 107 118 119 122 125 130 128 127 125 128 125 125 133 134 133 140 139 144 146 147 145 140 147 139 131 120 114 109 110 122 127 141 140 143 144 145 143 145 155 156 155 158 161 156 163 158 165 164 159 159 163 165 159 155 137 99 
79 98 108 116 119 127 123 122 127 130 127 126 124 125 127 126 141 134 144 143 148 146 145 148 142 140 129 116 110 105 113 123 128 132 146 146 146 145 146 148 148 151 149 153 157 158 161 159 167 163 157 166 165 159 156 154 140 114 
79 98 105 113 119 124 127 121 126 126 125 121 127 128 128 130 134 138 146 144 145 142 147 148 150 141 134 123 111 103 112 118 122 130 137 141 140 139 145 146 152 148 153 155 158 163 159 162 161 164 160 166 167 160 156 147 139 87 
86 97 106 112 116 120 124 126 127 125 130 125 121 124 128 133 130 143 140 143 147 143 141 142 143 132 129 123 114 109 111 116 125 135 140 135 143 142 145 152 154 148 152 149 154 159 161 161 159 159 158 155 166 166 149 148 142 118 
81 99 112 117 121 125 127 129 127 129 125 127 126 127 130 131 137 135 144 145 143 143 149 143 143 137 132 121 117 113 110 117 128 131 136 138 138 142 142 145 151 150 150 148 151 159 167 157 167 164 159 160 159 158 156 153 139 118 
83 101 106 112 117 123 123 126 127 124 127 131 129 127 131 130 136 139 143 149 141 145 142 142 142 136 128 118 110 106 111 111 123 128 134 142 141 140 145 151 148 144 151 149 159 158 154 163 159 158 160 155 157 151 158 149 142 103 
80 98 110 114 121 124 126 125 125 128 129 128 128 131 127 130 132 140 142 143 140 141 142 144 137 136 132 118 109 102 110 117 122 133 135 139 142 147 143 147 144 148 147 154 151 156 149 158 160 160 159 157 156 159 154 148 139 92 
70 94 106 112 119 121 121 118 126 126 131 131 128 133 129 131 141 141 146 148 141 145 140 144 143 138 129 120 100 104 105 111 121 128 133 136 139 141 142 146 143 146 152 150 154 155 156 157 157 156 154 153 157 146 146 151 139 89 
67 95 102 108 112 119 117 122 123 128 132 131 134 138 133 137 135 141 144 139 144 147 145 144 138 138 132 121 102 101 106 112 123 126 131 137 136 136 141 142 145 144 145 148 147 149 154 155 157 151 157 154 155 149 146 143 133 86 
63 90 104 113 116 114 124 121 125 125 131 129 134 135 136 134 138 146 142 144 144 140 144 137 142 136 133 118 101 100 102 115 123 127 135 137 135 140 143 141 144 146 146 150 151 156 157 152 156 151 157 154 157 149 145 140 130 90 
64 87 101 105 114 117 119 117 125 123 128 131 131 135 132 136 140 139 141 142 148 145 140 139 142 142 128 115 101 99 105 112 119 130 130 133 138 136 137 140 146 144 148 146 150 154 151 152 150 152 147 154 152 149 146 140 128 83 
66 88 101 111 109 112 120 123 123 125 128 127 132 136 131 133 139 142 137 142 143 143 140 139 136 142 126 114 100 95 107 112 121 125 133 132 130 136 138 145 142 145 147 143 149 146 150 152 152 154 151 153 147 146 143 141 127 75 
71 90 98 108 111 113 117 119 119 128 126 126 126 129 136 133 138 137 143 138 138 143 134 136 137 131 131 117 104 92 101 111 116 125 127 126 131 132 136 133 132 143 145 142 140 146 146 144 140 144 149 142 147 141 143 138 124 84 
62 90 99 102 106 113 113 115 115 119 124 126 126 130 124 128 130 134 132 133 135 133 133 134 132 129 122 117 103 98 102 108 118 118 125 123 128 128 131 134 130 136 136 143 140 145 142 143 138 139 143 139 142 135 137 134 120 82 
66 84 96 102 103 108 110 109 112 118 117 116 119 121 124 124 121 132 132 134 128 127 133 129 132 130 125 109 96 95 103 103 113 118 116 119 121 122 129 128 135 130 135 135 132 136 132 135 134 136 131 136 131 133 127 132 124 77 
64 83 92 95 98 103 101 105 105 107 108 111 113 114 113 114 116 123 121 127 123 128 125 127 123 129 118 109 92 94 96 100 111 109 116 119 119 114 118 125 123 124 126 129 128 126 125 129 130 123 127 120 129 126 126 127 114 80 
62 77 83 87 94 97 95 94 99 100 104 101 105 104 108 106 108 111 114 116 117 114 110 118 116 122 110 99 92 89 92 99 103 106 109 109 113 109 109 112 116 120 114 113 118 117 121 115 116 117 114 122 116 119 118 113 105 78 
62 69 77 79 79 83 80 81 82 84 87 90 85 87 84 92 89 93 95 100 99 97 98 110 104 104 97 90 73 75 79 87 95 96 93 95 92 94 97 99 99 100 100 103 96 99 99 96 99 102 96 102 103 105 94 105 97 78 
61 61 62 61 63 61 61 62 61 65 61 61 64 61 63 61 63 65 67 65 61 67 65 69 67 70 75 63 65 61 61 61 62 62 70 67 64 70 66 61 63 61 63 63 63 65 63 61 61 61 61 62 72 70 68 78 75 68 
