0 867 1080 1041 770 923 861 753 903 752 970 765 895 854 850 958 881 910 1001 979 1049 827 859 901 871 772 632 979 1521 2043 1254 1155 1339 1524 1354 1200 1391 1440 1235 1215 1275 1375 1261 1282 1472 1262 1043 979 1215 1221 1370 1268 1331 1028 1167 1118 894 1339 
382 771 1464 1438 928 1000 1122 928 1647 1099 1589 1361 1597 1589 1236 1254 1540 1243 1810 1831 1962 1274 1473 1855 1474 1126 910 1948 2183 2530 1305 1007 1316 2221 1638 1575 3454 2490 1876 2034 2011 3811 1933 2115 2436 1724 1861 2599 3868 2399 2663 3230 2447 3377 2973 3703 2211 2134 
539 1088 2280 1988 1334 1579 1526 1187 1447 1451 1765 1452 1824 1610 1711 1582 1671 1692 1673 1599 1839 1550 1663 1644 1485 1427 1184 1694 2181 2747 2458 2541 3206 3061 2991 3082 3465 3077 3102 2910 2949 3016 3025 3370 2930 2567 2664 2854 2824 2672 3328 2934 2778 2290 3164 2821 1615 1256 
807 1553 2956 2791 1850 2170 2021 1734 2005 1911 2293 1815 2267 1972 2026 2218 2425 2301 2224 2387 2582 2202 2170 2717 2837 2355 1742 3034 3284 3905 2854 3459 4523 4308 4059 3522 4286 3908 3738 3994 3553 3568 3833 4005 3573 3040 3720 3412 3709 3728 4792 3978 3904 3340 4357 3618 2379 2688 
993 1934 3848 3387 2330 2731 2415 2213 2729 2584 2743 2196 2738 2418 2379 2332 2694 2375 2549 2743 2989 2682 2875 2643 2666 2385 2307 3755 3791 4707 3156 3416 4447 4267 4464 4298 5316 4650 4330 4621 4165 4363 4203 4192 4049 3339 3750 3936 4030 3970 4702 4267 4105 3828 4879 4274 2821 3066 
1005 1791 3291 2778 2164 2249 2036 1822 2330 2059 2364 2292 2250 2135 2166 2406 2318 2362 2681 2635 3176 2692 3062 3307 3066 2515 2150 3640 4039 4146 2804 3125 3908 3761 4183 4157 4756 4195 4350 4174 4097 4379 3900 4507 4121 3605 3859 4126 4044 4356 4937 4421 4060 3543 4646 3699 2360 2564 
1003 1714 3197 2674 2137 2047 1961 1932 2304 2076 2488 2222 2445 2230 2263 2564 2591 2258 2647 2854 3314 3260 3404 3793 2751 2335 2071 3120 4988 4181 3230 3452 3869 3870 3958 3585 4882 4016 3929 4062 4020 3823 3488 3976 3582 2865 3036 3109 3293 3660 4218 4000 3879 3346 4492 3515 2267 2576 
850 1584 2836 2255 1856 1943 1769 1540 2032 1861 2016 1775 2043 2057 2136 2042 2072 2248 2533 2461 2751 2846 2941 3452 2993 2740 2132 3463 3823 2947 2588 3254 3729 3737 3657 3821 4254 3913 3459 3931 3412 3644 2940 3614 3161 2814 3245 3313 3570 4019 4776 3811 3767 3597 4659 3681 2347 2628 
897 1433 2691 2081 1823 1826 1613 1724 1959 1845 1931 1894 2274 2134 1816 2090 2150 2233 2382 2816 2862 2789 3079 3264 2645 2441 2097 3006 3865 3389 2739 3035 3104 3297 3548 3177 3877 3551 3182 3350 3280 3378 2677 2970 2425 2215 2388 2684 2953 2411 3010 2835 2564 2301 2911 2423 1649 1799 
856 1567 2256 1756 1690 1544 1485 1399 1551 1723 1754 1518 1870 1574 1553 1677 1874 1896 2100 2294 2367 2522 2592 2955 2723 2181 1846 3244 3863 3220 2924 2987 3642 3366 3301 3313 3951 3297 3149 3488 3468 3237 3035 3172 2782 2447 2710 2625 3054 2968 3621 3110 3008 2621 3534 2856 1902 1932 
965 1561 2288 1828 1594 1568 1446 1475 1474 1603 1420 1763 1830 1709 2279 2214 1959 2254 2352 2689 2909 2881 2628 2726 2876 2240 2388 3119 3980 3673 3270 3145 4019 3655 3458 3610 4086 3556 3404 3521 3373 3385 2937 3348 2805 2603 2791 3081 3224 3158 3616 3436 2991 2722 3563 2861 2029 2431 
932 1704 2404 2120 1744 1696 1542 1761 1960 2120 1923 2018 2162 1903 2070 1859 2433 2202 2937 2913 2969 2881 2934 3222 2701 2208 1974 2769 3336 2730 2902 3156 3419 3536 3077 3397 3547 3178 3523 3224 3196 3174 3004 3108 2571 2422 2655 2731 2508 3137 3688 2821 2571 2917 3391 2933 1810 2924 
579 970 1505 1282 1240 1169 1116 1179 1204 1283 1158 1222 1454 1295 1429 1252 1513 1428 1793 1718 1958 1835 1926 1696 1610 1138 1046 1628 2250 1869 2108 1902 2235 2298 2267 2242 2379 1906 1923 1775 1692 2099 1863 1933 1439 1358 1433 1480 1553 1963 2003 1987 1588 1554 2423 1959 1374 2007 
638 1138 1740 1423 1372 1185 1085 1380 1438 1378 1417 1508 1632 1518 1608 1556 1420 1872 1728 2081 2344 2030 2072 2064 1847 1327 1271 2097 2824 1979 2128 2289 2530 2839 2640 2748 3081 2434 2339 2284 2290 2436 2218 2948 2383 2060 2253 2369 2657 2215 2693 2425 2158 1814 2245 1784 1112 1882 
589 847 1142 986 892 756 656 687 688 739 708 767 927 831 765 761 776 814 991 997 1033 919 995 986 861 743 689 1129 1854 1897 1757 1829 1850 2037 1919 1777 1956 1585 1652 1607 1412 1460 1375 1803 1501 1293 1276 1464 1404 1523 1814 1554 1468 1418 1927 1838 1102 2083 
732 1116 1530 1447 1423 1150 1043 1275 1158 1272 1190 1406 1503 1401 1554 1350 1720 1563 1910 2136 2217 2072 1896 2032 1915 1519 1203 1869 2395 1940 2175 2324 2393 2534 2343 2382 2401 1985 2010 1964 1903 2251 1978 2401 1749 1748 1952 1691 2062 2107 2423 2225 1977 2123 2113 1808 1253 1555 
715 1369 1703 1367 1401 1192 1233 1376 1462 1476 1272 1503 1767 1635 1437 1421 1576 1543 1794 1806 1900 1825 1782 1829 1457 1306 1273 1868 2587 1973 2376 2712 2528 2867 2602 2753 2959 2375 2152 2181 2281 2789 2345 2853 2596 2053 2267 2498 2538 2369 2674 2981 2641 2451 2728 2355 1674 1723 
859 1694 1925 1646 1702 1330 1283 1492 1623 1549 1544 1578 1605 1519 1475 1405 1687 1614 1815 1961 1963 2199 2045 2474 2214 1729 1526 2397 2878 2351 2294 2941 3073 3271 2954 3223 3298 3246 3325 3398 3570 3452 2861 3625 3113 2864 2996 3106 3382 3181 3678 3177 2714 2712 3343 2773 1958 2117 
779 1535 2029 1772 1758 1443 1520 1498 1548 1495 1554 1517 1641 1675 1637 1661 1715 1877 2147 1840 1979 2099 1837 2015 1725 1506 1326 2046 2552 2195 2097 2568 2927 3223 3086 3290 3270 2698 2800 3065 2593 2765 2300 2758 2689 2263 2353 2436 2534 2462 2894 2762 2500 2264 2862 2376 1599 1916 
748 1494 1889 1575 1837 1482 1412 1616 1637 1639 1692 1654 1856 1905 1781 1712 1854 2034 2006 1988 2130 1878 2282 2090 2060 1703 1568 2368 2857 2109 2082 2829 3108 3307 3087 3168 3524 3015 3025 3297 3074 3228 2705 2676 2551 2287 2299 2652 2515 2450 3079 3114 2910 2554 3618 2887 1679 1903 
913 2070 2644 2429 2209 2013 1787 2133 1987 1855 2147 1942 2065 2042 2015 1835 2091 1995 2201 2204 2648 2193 2008 2186 2094 2007 1523 2367 3260 2348 2584 3486 3581 3694 3532 3781 4069 3618 3410 3897 3727 3715 3468 3920 3391 3316 3406 3672 3403 3783 4225 3971 3675 3840 4280 3531 1977 2435 
884 1715 2710 2252 2383 1910 1753 1935 1993 1696 1917 1990 2129 2011 1821 1804 1896 1945 1928 1969 2137 2131 1976 2159 2034 2266 1474 2451 2970 2173 2703 3041 3351 3610 3401 3369 3727 3659 3123 3208 3427 3498 3261 3501 3139 3082 2922 3478 3292 3389 3839 3780 3176 3702 3916 3915 2099 2357 
735 1544 2270 2185 1807 1810 1713 1917 1855 1567 1839 1735 1879 1744 1758 1791 1954 1824 1968 1982 2012 2047 1758 2052 1964 1577 1386 2571 2761 2688 2336 3155 3389 3672 3519 3550 3857 3513 3522 3619 3343 3736 3698 3567 3192 3452 3142 3517 3124 3579 3937 4011 3180 3430 3409 3536 1781 1996 
793 1691 2400 2280 2059 2035 1827 2122 2142 1781 1997 2038 2106 1902 1904 1975 1928 1806 1786 2060 1828 1792 2108 2045 1912 1634 1524 3067 3006 2822 2188 2821 3397 3516 3586 3312 3805 3664 3289 3465 3409 3802 3449 3581 3502 3327 3096 4034 3425 3659 4036 4507 3485 3382 3755 3503 1829 2074 
781 1629 2480 2148 2064 2053 1968 2063 2087 1896 2092 1992 1933 1980 1916 1720 2074 1779 1867 1877 1921 1858 2068 1941 1948 1499 1268 2484 2718 2659 2291 2846 3535 3987 3751 3395 3544 3649 3414 3642 3278 2987 3226 3386 3390 3380 3084 3587 3123 3619 3763 4185 3243 3450 3525 3413 2019 2159 
609 1327 2042 1906 1675 1778 1810 1626 1737 1803 2025 1923 2032 1879 2019 1818 1831 1673 1880 1850 1802 1670 1750 1669 1545 1399 1124 1986 2452 2378 1900 2345 3202 3092 3059 2790 3219 2858 2562 3126 2980 2824 2319 3313 3154 2494 2435 3158 2870 2623 3074 3047 2704 2637 2816 2267 1356 1456 
370 740 1107 1263 1127 1131 1047 1011 1247 1145 1123 1066 1216 994 1115 996 1160 1014 1073 1194 1283 1049 1319 1243 1260 1152 1115 1708 1818 1702 1171 1565 1939 1793 1980 2036 2408 2155 1945 2369 2563 2588 1887 2066 2212 2071 1970 2290 2348 2322 2400 3036 2352 2424 2403 1554 1081 1221 
307 524 917 1007 939 815 1021 986 1312 1184 1423 1327 1398 1419 1484 1663 1591 1332 1526 1379 1502 1319 1362 1071 1008 783 669 1191 1310 1807 1155 1342 1932 1663 1139 1056 1173 1208 1171 1326 1395 1183 1202 1469 1232 1221 1106 1499 1398 1471 1566 1736 1460 1557 981 872 644 719 
516 788 1009 983 843 764 917 853 996 904 932 966 1025 1175 1276 1012 1136 1272 1368 1165 1246 1497 1357 1533 1478 1572 1404 1627 2465 3092 1932 1894 2595 2983 2951 2176 2509 2651 2397 2400 2364 2238 2254 2459 2621 2056 1619 2211 2061 2161 2412 2595 3283 3023 2496 2566 2424 2448 
