0 69 56 38 27 14 16 9 30 26 17 20 18 11 15 15 10 16 7 6 10 16 19 19 25 13 13 1 1 1 1 0 0 1 1 1 2 2 0 4 2 0 5 2 3 4 0 0 2 1 5 3 2 2 3 2 2 1 
1 19 9 1 51 10 0 0 0 0 0 0 15 1 0 4 88 0 102 3 0 1 0 0 15 1 4 100 17 64 109 115 257 206 107 380 126 219 262 248 208 460 183 44 330 100 282 78 181 117 186 186 102 348 113 142 175 11 
85 49 0 21 30 4 0 19 0 65 0 0 1 0 0 46 34 0 260 2 14 380 8 5 1 354 75 226 468 622 421 718 763 1161 749 841 680 812 1059 403 883 734 975 770 1364 835 340 1141 1015 468 548 336 529 530 267 277 42 7 
39 4 206 419 189 13 276 322 22 735 1 249 55 226 19 35 23 281 82 220 21 25 75 1778 333 611 859 565 1031 1054 451 848 637 883 1022 1136 895 1230 1168 998 916 820 1154 557 1199 890 1564 866 1028 925 947 579 890 1254 1155 308 135 37 
7 532 139 681 119 569 170 106 649 1131 153 183 482 298 226 412 902 531 260 281 302 528 382 1151 818 376 651 571 802 999 772 1268 1160 952 1148 1345 1073 1360 904 1068 1103 1141 936 1138 1355 963 872 1015 1044 885 1362 1492 855 1590 726 493 193 20 
0 136 4 240 229 786 498 94 177 254 286 796 498 354 1131 1037 749 864 717 797 566 366 763 778 794 1080 1271 732 1024 824 961 1054 842 922 695 787 771 882 717 1060 1103 912 921 882 1229 1304 1357 1003 1093 729 1024 1161 1195 1605 699 564 236 32 
2 759 27 92 375 1195 1265 315 407 472 143 567 772 639 785 819 1035 153 439 1065 916 795 1164 516 1269 610 760 702 1149 797 1107 1110 1304 1703 1147 1359 1438 1063 1160 998 1149 1010 1590 1097 1243 1108 1093 1513 928 616 980 773 1034 1326 921 81 145 0 
0 14 28 558 580 765 208 754 604 231 266 706 793 1774 718 684 594 1686 718 2099 1454 1577 1878 1210 1620 699 895 942 1086 1320 1303 1298 1148 906 1244 949 822 1477 1333 1323 1015 814 1038 1047 1163 1333 1657 1229 1122 1286 1491 1930 1186 1415 263 389 129 0 
1 159 105 518 83 761 1016 985 219 1182 900 2197 1222 1030 1153 788 1136 2288 1457 1457 1742 1807 1281 1252 1343 677 722 902 1071 1171 1171 1487 1223 1290 1169 1455 1133 917 1095 1134 1456 994 1242 1218 1237 1011 1143 1179 1568 1420 1427 995 745 925 201 743 63 7 
44 8 40 242 384 942 525 1220 395 355 1254 957 1736 844 1177 564 2060 1609 2059 895 1874 1375 1468 861 1122 959 961 430 1168 1055 1020 1015 1155 1146 895 1271 1403 1013 1055 582 1240 1248 1011 918 897 912 1019 1092 1159 693 1156 552 892 1412 691 338 13 1 
2 0 0 28 198 869 2062 1196 1330 1357 2029 969 1085 1920 2193 1009 2282 1955 1711 1792 1762 1522 1286 1457 1424 1447 1477 766 1047 1045 616 1253 696 1436 645 1174 966 708 1464 1298 1107 766 1582 1288 1028 1144 1573 1480 1771 1140 1156 1336 918 1336 741 192 44 2 
83 4 23 231 116 1569 626 1153 1166 639 1702 874 2008 1317 2053 1799 1764 1802 1395 1458 1181 1310 1512 1171 1174 673 800 1211 1063 1120 1292 903 1223 1177 1049 1222 1090 930 1462 1196 1247 1043 1463 1141 1523 1082 1130 1140 1216 1446 1011 1649 820 1090 151 333 27 0 
0 5 33 390 470 1009 1144 1814 1484 1604 992 1378 1957 2002 1959 2044 1541 1892 1663 1485 1668 1686 1280 1045 1172 1618 1238 1093 1198 1244 1114 1221 1116 1466 887 613 1136 881 939 1460 1353 938 1121 1088 1112 1192 1747 1385 975 1206 948 1254 979 1219 336 101 14 0 
71 10 0 24 294 503 1093 1232 1606 714 999 1225 1384 1432 1972 1671 1392 1534 938 1340 1146 1026 1061 1427 1501 831 998 764 860 1094 1077 1293 1026 1053 1208 1010 1076 1053 1021 727 1202 922 745 834 725 1148 1325 1290 1286 878 1349 1061 837 1306 429 226 20 0 
53 10 0 1 138 1047 1302 976 1189 1455 726 1261 1340 1669 1951 1127 1630 1356 1396 1248 1123 1396 1159 1276 1300 1132 1073 887 1123 909 927 1162 1824 1112 1039 1611 1298 913 1052 1170 1284 1116 1052 851 815 1275 1448 778 1575 1135 1175 1212 1024 873 614 47 74 11 
50 0 0 44 421 239 867 1494 1310 1211 1245 1316 1687 1748 1806 1630 1210 1652 1474 1201 977 1105 1165 1103 1436 1007 523 590 608 756 801 1516 944 722 1042 1062 1229 1091 1225 1056 973 1095 1422 1130 1086 1348 1206 1628 879 888 1071 1453 1050 650 358 108 4 3 
27 0 0 6 65 552 970 1149 1427 1485 1157 545 1331 2161 1976 1029 2166 1883 1426 1631 1187 1234 1580 1392 1298 1624 900 845 1172 989 523 1134 1227 1101 1028 883 1166 938 1197 660 981 659 1155 1159 1081 1347 1481 1360 1285 956 840 1054 1367 829 685 318 11 14 
24 3 0 0 128 913 1668 2032 711 1242 1090 995 1907 1224 2190 1173 2246 2491 1478 2114 2264 1578 987 1508 1274 1384 1365 662 567 690 700 1306 1556 1321 1612 1319 843 690 1229 649 964 1004 1359 1153 1085 1357 1099 1568 1521 1314 1321 1110 636 993 409 489 8 18 
36 0 0 24 18 520 854 1015 848 520 848 566 1765 1208 781 2526 2356 1400 2254 1614 2387 2081 1794 1955 1947 1592 839 581 647 651 692 923 1320 1268 1410 1051 1017 933 1029 1313 1230 729 1175 1520 1131 1427 1515 1030 1241 811 1350 1476 1020 890 69 220 0 2 
26 22 0 0 69 0 179 354 390 332 629 158 1606 359 977 1546 1322 1770 1944 2563 2301 1659 1650 1407 1121 1651 1169 843 1069 807 1077 1439 567 1349 1285 1198 1110 807 1189 789 1255 918 870 917 1392 1392 1056 1603 1224 1249 1490 1068 838 279 399 50 1 8 
26 29 0 0 55 0 9 416 259 183 0 150 225 400 270 278 1049 1487 1395 1791 2175 1795 1749 944 1081 1059 850 521 702 1042 733 903 987 1307 689 1373 855 1099 686 1270 1121 1188 1427 1636 1191 1464 1207 1552 1263 1440 1404 1343 1535 386 44 300 48 15 
0 22 0 3 0 0 185 105 312 21 1 3 10 279 334 513 100 694 944 964 281 1629 846 1257 1061 648 707 645 1061 772 839 857 1210 1131 1390 956 1086 693 1060 984 916 829 1211 1293 1223 1781 1676 1630 1594 678 1288 1969 821 281 444 63 12 1 
62 2 0 0 1 0 0 155 0 0 47 11 7 565 84 282 470 112 366 647 576 512 498 416 647 1485 894 717 1042 1081 875 1194 1317 1385 628 789 1206 726 1025 1227 1076 1122 1210 1326 1497 1504 1726 1384 1339 953 1611 938 1576 938 1001 245 9 3 
62 32 0 47 0 34 0 67 0 1 0 102 2 23 380 141 103 14 557 34 99 234 789 278 474 738 285 451 1084 1301 1126 1024 1439 1329 1020 1085 1382 1083 1275 1092 1056 712 1512 939 687 1845 1559 1485 1302 1257 1305 1564 1141 709 277 326 58 50 
2 0 2 0 0 0 0 0 0 27 8 0 0 14 107 6 29 0 0 17 28 46 251 194 245 422 235 628 1361 1128 1016 1113 1570 1050 1165 1024 1051 932 1093 707 1244 939 978 1509 1365 1350 796 1292 1184 1038 799 712 921 694 889 316 47 2 
11 5 0 0 0 0 0 8 0 0 0 0 0 0 3 1 0 15 3 0 0 8 36 15 9 73 19 73 920 1029 704 1361 1003 622 876 784 937 807 1037 721 1292 1402 596 803 933 405 872 650 921 1051 1254 1164 820 803 461 447 55 17 
72 0 5 0 0 0 0 0 0 10 0 0 0 0 0 0 13 0 0 0 0 0 0 2 0 2 505 69 725 970 1075 1142 1078 764 744 1254 854 1019 837 1110 1434 521 519 477 253 1082 1408 1491 388 272 495 1311 720 545 1121 670 180 31 
20 7 13 349 366 2 0 365 0 3 382 382 2 0 326 303 58 386 395 0 3 348 508 5 193 404 17 74 143 57 166 254 220 464 133 223 314 394 442 92 213 59 357 261 405 80 256 328 263 102 273 497 179 151 291 97 125 27 
1 0 0 0 0 0 0 2 0 0 0 0 0 1 1 1 1 1 1 0 0 0 1 0 1 1 0 0 0 0 0 0 1 0 0 0 1 0 1 0 0 0 0 0 0 0 0 0 0 0 0 1 0 0 1 2 1 0 
