0 5934 4115 4399 3500 3528 3321 3484 3347 3318 3816 3402 3364 2742 3743 3464 2919 3222 3078 3235 2946 3260 3321 3493 3207 2889 3348 3154 2828 2463 1813 2474 3440 3289 2426 3023 3253 2492 2232 2676 2804 2247 2915 2738 2804 2309 2351 2561 2462 2391 2427 2542 1598 2607 2498 2054 1835 1484 
1007 6819 6254 6030 4944 5538 5617 5896 5569 5507 6188 5966 5760 5061 6222 5986 5147 6169 5246 5959 5530 5576 5625 5515 5424 4809 5419 5087 5450 6047 4110 4770 5464 5108 3986 4575 5616 4089 4480 4457 5269 3898 5196 4797 4679 4279 4237 4709 4267 4337 4252 4338 3113 4418 3966 3205 2765 1777 
636 2781 2764 2443 2255 2638 2898 2696 2856 2494 2794 2979 2768 2827 3386 3036 2927 3755 3043 3643 3508 3111 3353 3517 3518 2639 3502 3704 4207 4703 2993 3097 3488 3026 2347 2746 3024 2440 2527 2622 2899 2070 2644 2393 2422 2198 2518 2281 2262 2413 2114 2296 1292 2104 1639 1286 1145 789 
780 4679 3248 3383 3078 3225 3034 3272 3040 3146 3768 3422 3399 3046 3703 3445 3308 3317 2962 3129 2762 2762 2508 2216 2216 1651 1906 2047 2408 3173 1968 2150 2606 2782 2160 2953 3284 2577 2865 2974 3840 2585 3710 2956 3170 2728 2728 3001 2647 2857 2840 3178 1931 3235 2856 2521 2379 1610 
998 5166 3578 3625 3236 3473 3315 3431 3159 3246 3508 3227 3412 3197 3502 3396 3190 3568 3171 3508 3477 3412 3428 3303 3382 2952 3498 3586 3812 4292 2719 3467 4033 3793 3007 3710 4260 3389 3465 3487 4133 2892 3789 3355 3559 3255 3393 3504 3352 3521 3503 3709 2499 4081 3468 2973 2747 1837 
881 5339 3547 3709 3267 3602 3474 3677 3183 3254 3706 3453 3518 3492 3642 3646 3443 3841 3598 3683 3481 3438 3336 3405 3425 2737 3421 3405 3445 4052 2533 3135 3747 3421 2709 3325 3449 2825 3088 2877 3591 2508 3501 3362 3209 2776 3001 3270 3277 3481 3595 3893 2524 4271 3741 3165 2819 2050 
897 5035 3545 3501 3252 3544 3371 3689 3678 3578 3584 3551 3429 3468 3489 3477 3251 3791 3235 3578 3467 3577 3395 3483 3171 3272 3503 3544 3589 4076 2609 3196 3458 3604 3125 3742 4245 3097 3473 3227 3965 2586 3283 3333 2922 2740 2997 3011 3019 2847 3397 3269 2249 3564 3065 2420 2278 1323 
789 5437 3566 3624 3365 3444 3275 3342 3698 3295 3315 3187 3644 3512 3782 3810 3898 4083 3799 3902 3971 3828 3686 3970 3585 3374 3526 3399 3729 4039 2702 3552 3689 4029 3319 3782 3848 3227 3703 3171 3810 2953 3915 3859 3528 3190 3350 3491 3522 3645 3864 3594 2754 4061 3303 2608 2524 1399 
951 5869 3414 3851 3297 3400 3456 3398 3875 3369 3757 3510 3463 3543 3729 3577 3765 3946 3620 3699 3462 3564 3526 3540 3383 3327 3602 3394 3910 3977 2589 3206 3596 3632 3076 3484 4115 3467 3949 3353 4332 2901 4029 3908 3149 3012 3270 3339 3158 3303 3675 3634 2736 4046 3356 2578 2492 1611 
868 5377 3436 3498 3308 3213 3507 3288 3629 3184 3202 3196 3507 3366 3603 3597 3497 3597 3312 3652 3385 3280 3256 3537 3230 2934 3036 3207 3266 3672 2520 3200 3122 3384 3146 3329 3991 3267 3648 2793 3420 2227 2855 2509 2798 2573 2994 2880 2942 2927 3170 3090 2384 3869 3030 2449 2365 1130 
861 5589 3511 3495 3271 3153 3148 3249 3590 3179 3480 3195 3497 3352 3570 3395 3280 3543 3279 3420 3396 3535 3507 3208 3204 3113 3380 3262 3510 3813 2928 3177 3706 3687 3002 3088 3789 2847 2971 3142 3826 2761 3263 3430 3020 2651 3204 3574 3133 3116 3602 3295 2591 3919 3051 2705 2608 1365 
1171 5867 3513 3393 3187 3211 3548 3139 3546 3154 3527 3063 3513 3504 3485 3505 3449 3537 3476 3657 3425 3351 3197 3779 3247 3113 3299 3382 3453 3513 2466 3256 3302 3416 3284 3606 4083 3388 3692 3592 4239 2982 3675 3562 3126 2717 3264 3753 3337 3313 3477 3272 2755 3673 2931 3022 2558 1368 
917 5617 3334 3530 3561 3370 3823 3585 3843 3431 3842 3242 3807 3508 3788 3804 3506 3878 3858 3682 3586 3760 3838 3596 3641 3483 3629 3560 3675 4337 3061 3373 4099 3896 3428 3537 4227 3130 3643 3185 3677 2642 3248 3764 2820 2659 2978 3518 3145 3145 3337 3447 2727 3422 2943 2873 2520 1278 
907 5599 3272 3332 3178 3325 3374 3124 3555 3251 3167 3064 3708 3669 3319 3403 3261 3488 3343 3428 3579 3457 3262 3497 3305 3055 3337 3144 3563 3542 2945 2904 3698 3396 3239 3084 3604 2757 3317 2642 3386 2547 3395 3191 2666 2774 2904 2950 3011 3333 3235 3121 2815 3828 2980 3078 2550 1184 
973 5841 3332 3537 3463 3006 3452 3334 3819 3058 3370 3182 3234 3199 3570 3536 3193 3388 3467 3503 3487 3707 3564 3419 3309 3206 3417 3185 3876 4193 3102 3082 4118 3761 3566 3289 4124 3064 3655 3156 3684 2790 3756 3934 3102 3019 3351 3852 3316 3355 3528 3387 2693 3361 3273 2881 2468 1408 
937 5874 3501 3369 3467 3291 3331 3321 3585 3310 3268 3072 3352 3333 3340 3372 3351 3457 3271 3628 3663 3432 3279 3616 3250 2947 3577 3207 3658 3856 2937 3390 3799 3547 3542 3257 3744 3194 3838 2702 3579 2947 3676 3768 2898 3414 3268 3518 3222 3246 3583 3446 2815 3452 3338 3058 2507 1153 
747 5456 3376 3465 3710 2986 3361 3452 3553 3161 3356 3534 3281 3233 3701 3522 3338 3348 3354 3300 3404 3795 3509 3321 3436 3091 3616 3120 3694 3968 2871 3090 3879 3376 3387 3583 3592 3074 3287 3020 3418 2653 3333 3740 2732 2941 3091 3497 2996 2968 3348 3566 2770 3473 3365 2758 2396 1339 
736 5477 3609 3439 3713 3118 3362 3249 3387 3324 3347 3370 3527 3564 3546 3458 3680 3273 3469 3576 3634 3477 3365 3665 3490 3177 3528 3368 3894 3589 3265 3506 3850 3557 3368 3449 3430 3537 3549 3346 3355 2876 3313 3842 2708 3250 3229 3452 3212 3076 3378 3439 2602 3471 3068 2667 2220 1258 
824 5135 3834 3401 4069 2893 3369 3716 3334 3214 3255 3415 3216 3369 3696 3250 3347 3438 3467 3280 3212 3500 3423 3349 3187 3399 3003 2870 3563 3464 2682 2974 3496 3152 2929 3584 3554 3269 3197 3231 3683 2679 3296 3589 2532 3042 3181 3521 3133 3074 3489 3726 2508 3415 3320 2718 2186 1137 
721 4951 3741 3595 3663 2910 3123 3306 2924 3004 3220 3213 3398 3551 3379 3303 3409 3197 3417 3343 3353 3379 3300 3524 3476 3570 3188 3200 4063 3231 2955 3268 3532 3158 3250 3294 3570 3149 3459 3533 3378 2901 3545 3576 2446 3201 3377 3345 2908 3339 3198 3402 2820 3246 2796 2676 2027 1112 
698 4855 3487 3451 4078 2871 3212 3416 3156 3141 3214 3107 2975 3111 3410 3323 3251 3247 3442 3127 3123 3070 3190 3405 3520 3401 2923 2941 3597 3093 2918 3086 3634 3239 2999 3475 3800 3086 3242 3587 3659 3013 3695 3696 2640 3405 3706 3795 2993 3388 3290 3652 2791 3267 3061 2673 1937 1240 
515 4789 3604 3230 3933 3178 3469 3431 3526 3515 3158 3444 3601 3593 3312 3341 3409 3308 3291 3481 3666 3221 3440 3471 3528 3711 2914 3287 4046 3241 2859 3167 3682 3453 2929 3552 3471 3002 3068 3037 3111 2756 3201 3274 2533 3089 3294 3317 3089 3538 3100 3383 2873 3006 3162 2970 1975 936 
947 4750 3378 3363 3790 3128 3180 3256 3295 3052 2959 3385 3315 2946 3637 3357 3202 3472 3341 3059 3065 3170 3446 3404 3563 3413 2592 2761 4013 3019 2536 2972 3516 3333 3087 3263 3516 3226 2640 3323 3120 2675 3301 3369 2478 2846 3324 3268 2722 3265 3181 3456 2885 3227 3304 2964 2046 1156 
1020 4884 4047 3300 3881 3142 3252 2912 3493 3216 3008 3246 3478 3409 3266 3374 3364 3480 3065 3525 3424 2982 3453 3604 3385 3369 2850 3276 4462 3275 2745 3111 3567 3332 3118 3342 3053 3038 3174 3465 3018 2727 3599 3514 2812 3094 3704 3347 3044 3463 3174 3621 2765 2758 2930 2748 1810 1196 
664 4073 3272 2913 3300 2954 3055 2993 3275 2939 2919 3304 3134 3027 3308 3113 3150 3210 3210 3255 3132 3114 3321 3130 3364 3510 2276 2825 4210 3121 2748 3399 3881 3438 2937 3245 3610 3007 3098 3470 3040 2511 3239 3473 2697 2620 3676 3362 2502 3273 3202 3396 2799 3010 3241 3040 1977 1117 
714 4175 3204 2919 3178 2913 3255 2851 3070 2651 3042 3159 3003 3076 3354 3189 2926 3203 3160 3351 3376 3047 3337 3011 3444 3083 2219 2862 4276 2990 2766 2991 3464 3106 2747 2970 2964 2935 2885 3310 2902 2584 3118 3130 2633 2507 3178 3123 2400 3079 2895 3036 2505 2628 2809 2639 1790 1027 
548 2442 2040 2072 2278 2086 2337 2515 2381 2411 2645 3207 2949 2932 3242 2698 2922 3258 2987 3258 3092 3270 3303 2976 3680 3586 2273 3857 5871 3647 3099 3420 3493 3383 3180 3474 3832 3846 3517 3713 3474 3365 4241 3937 3588 3391 4506 4358 3525 4676 4605 4872 3866 3745 3749 3172 2039 1256 
619 2560 2177 1415 1645 1837 1669 1538 1631 1837 1355 1782 1890 1629 1790 1568 1978 1727 1764 2195 2290 2027 2048 2219 2383 2277 1603 2277 2852 1531 1767 2635 3387 3149 2850 3068 2949 2828 2812 3307 3050 2685 3457 3355 2640 2177 3057 3105 2339 2781 3099 3411 2469 2731 2858 2804 2003 1488 
29 166 109 77 81 45 79 90 73 53 44 101 51 58 68 62 72 92 84 95 82 100 133 63 72 107 72 88 106 47 51 83 155 83 123 111 134 130 91 128 182 147 136 179 147 92 101 138 96 92 96 112 117 113 146 162 184 145 
