0 55 138 123 104 117 116 106 129 107 147 119 137 133 169 136 162 139 286 126 171 143 122 123 133 108 95 160 205 250 171 596 1363 177 233 135 173 148 155 660 133 109 172 104 969 522 116 85 124 110 117 137 100 260 97 162 83 153 
15 57 100 106 87 105 116 110 151 125 145 125 160 114 166 163 168 182 169 167 189 128 155 146 99 107 93 142 148 153 82 119 90 86 187 78 198 108 66 165 88 272 84 173 82 146 101 71 189 89 184 94 68 97 66 163 76 106 
22 61 103 102 72 79 51 46 63 55 67 46 66 65 84 72 66 98 77 66 70 63 71 68 62 46 45 55 89 109 119 154 263 251 187 197 181 187 132 159 146 226 244 197 178 87 136 142 139 134 106 130 108 104 144 107 70 59 
44 76 119 113 79 76 64 62 82 72 80 74 100 79 80 91 93 105 98 95 99 82 90 81 101 89 71 129 136 161 211 424 565 488 407 289 331 292 331 359 361 315 345 297 324 270 297 206 221 252 281 249 223 164 192 182 160 108 
38 86 176 130 91 90 94 62 95 93 112 81 108 85 107 99 103 91 99 110 133 105 104 120 109 88 67 164 188 208 286 445 770 608 386 359 409 370 441 542 423 429 484 473 313 309 389 265 303 286 359 248 258 290 336 252 176 428 
46 84 147 119 103 74 79 73 79 83 88 87 85 84 82 86 72 93 120 122 117 106 127 134 144 140 96 142 207 249 196 425 583 478 389 422 420 389 412 390 402 435 479 439 503 412 401 423 407 277 320 303 244 219 278 205 165 155 
66 91 115 120 77 86 62 86 79 105 100 104 119 79 90 89 117 97 106 141 175 100 157 158 163 110 99 148 178 176 214 404 479 503 391 436 399 365 407 398 393 417 419 474 401 376 352 330 352 306 354 289 309 299 256 206 165 366 
53 74 128 82 70 75 59 68 77 65 78 103 91 83 81 80 70 103 97 110 119 117 148 176 139 102 76 130 155 151 188 335 363 490 421 499 389 303 290 413 399 467 428 438 427 352 380 405 332 360 368 310 324 260 289 241 192 323 
40 70 120 87 82 74 69 55 72 73 85 67 80 76 69 86 87 105 115 148 128 155 155 168 164 78 86 120 150 124 200 237 347 337 334 284 350 285 331 352 346 415 413 377 362 336 377 420 289 238 263 297 204 208 228 181 103 286 
55 69 110 73 60 60 66 73 56 58 75 66 75 69 76 49 74 67 114 118 125 121 155 147 100 83 96 142 156 159 194 268 332 314 291 308 347 297 302 359 335 358 439 394 380 371 394 327 389 330 404 339 247 247 242 155 119 266 
40 85 123 85 64 50 49 45 64 68 62 74 83 87 96 82 102 87 132 125 131 167 147 169 156 115 100 160 176 149 177 258 352 372 313 353 321 353 342 345 372 372 451 435 387 330 456 350 355 324 318 394 310 234 289 172 123 203 
68 85 106 82 73 56 71 85 64 77 73 88 101 82 73 99 95 108 126 111 120 144 142 169 121 114 80 132 181 105 121 251 356 322 271 316 265 354 375 316 365 410 379 407 451 295 485 344 312 300 306 311 275 229 276 181 100 335 
46 58 65 63 53 50 44 53 45 52 63 64 62 51 76 46 79 73 82 90 101 97 89 85 62 44 56 54 104 90 115 162 149 220 173 196 196 183 214 227 235 295 243 308 220 259 207 187 180 220 166 183 145 131 153 128 79 215 
63 56 85 52 39 45 40 45 52 54 58 77 59 73 70 80 45 72 67 90 75 79 63 84 71 58 57 79 93 65 94 165 192 243 202 217 265 166 274 260 279 288 299 334 289 289 311 255 334 211 217 228 173 183 146 93 47 172 
45 51 54 47 39 43 20 25 41 38 44 32 52 48 57 43 35 42 40 52 55 47 47 45 41 43 33 54 85 97 102 156 185 146 123 120 171 143 145 173 166 161 169 154 169 173 184 169 145 162 189 129 128 114 118 83 62 146 
48 50 67 52 61 31 41 47 46 64 53 51 49 42 44 53 66 81 72 72 95 70 88 71 68 61 64 79 102 84 91 137 154 177 168 167 212 211 209 177 222 243 210 266 187 191 235 201 179 163 190 204 148 159 134 103 94 198 
60 64 93 57 62 52 49 54 56 67 69 59 76 76 54 61 73 79 73 88 89 86 74 77 81 48 58 82 125 92 113 206 205 216 209 247 241 195 238 244 225 285 269 307 257 200 269 247 224 211 212 238 193 187 161 106 102 211 
64 90 95 64 69 47 47 63 82 59 70 66 74 66 64 60 84 68 81 79 97 101 97 111 88 74 91 82 153 98 114 221 243 225 226 295 254 251 303 328 358 361 278 413 258 328 329 323 269 302 277 239 184 226 211 123 91 216 
71 84 110 101 96 57 73 65 60 62 61 59 56 66 74 77 94 81 108 91 91 78 80 85 76 60 68 88 112 101 98 185 231 204 242 273 249 194 224 260 233 226 182 246 216 200 213 233 196 247 236 191 196 127 175 106 95 101 
49 87 102 98 90 67 80 85 73 62 63 68 81 73 72 70 58 71 66 91 114 118 88 90 83 93 77 108 129 101 107 188 204 276 227 201 254 222 222 315 258 260 311 222 223 198 204 233 187 191 206 183 182 140 192 121 111 139 
86 140 152 132 132 98 87 95 87 91 87 93 82 90 77 71 87 103 98 109 100 103 114 87 90 82 68 109 168 126 119 246 256 229 228 278 250 268 236 303 287 313 332 361 335 283 289 297 262 268 237 195 167 201 176 173 144 92 
66 131 134 108 108 111 88 103 84 82 93 87 90 72 84 75 91 82 94 99 116 101 93 110 112 85 81 121 139 110 95 219 237 257 221 179 216 251 221 242 249 222 344 273 248 238 244 264 212 222 210 207 162 163 156 124 83 120 
60 119 132 104 116 95 93 102 77 66 96 89 88 80 86 93 95 88 77 86 82 96 102 96 79 72 57 116 138 112 110 134 198 232 204 257 175 239 211 230 179 230 275 241 225 254 173 227 175 171 148 185 156 127 101 141 84 99 
61 108 108 113 131 103 95 123 98 80 94 100 118 91 81 85 88 81 87 82 97 76 93 108 90 85 49 137 169 128 98 139 204 210 200 203 224 203 213 222 199 203 246 251 214 172 147 198 153 191 152 178 152 158 125 120 76 85 
40 123 127 122 115 107 114 118 91 107 105 94 106 93 85 71 82 88 70 103 78 91 84 68 69 63 46 127 124 115 78 149 172 213 176 147 160 151 152 180 199 175 165 175 166 158 155 133 137 141 154 144 109 130 152 103 68 82 
45 106 102 122 106 103 122 108 105 111 124 119 150 105 103 92 90 95 102 94 89 72 79 63 61 62 59 100 154 126 77 117 104 142 125 113 132 131 122 145 77 125 122 115 107 80 65 104 94 73 67 109 82 82 84 64 63 63 
29 39 88 118 86 74 93 69 90 106 93 72 87 68 50 55 95 47 54 54 71 66 76 66 66 71 59 109 123 101 55 80 63 80 94 78 77 75 59 74 92 80 92 100 67 68 61 62 62 60 53 53 52 57 54 38 39 53 
33 45 94 130 127 85 146 140 153 157 175 181 195 208 194 164 142 137 137 137 121 122 126 97 89 75 67 104 169 148 86 135 126 119 86 59 96 80 66 65 63 50 77 75 68 62 56 70 57 51 59 67 52 33 53 36 54 35 
59 139 218 269 207 225 238 231 249 270 284 276 285 310 304 245 299 285 333 305 326 330 325 304 337 239 221 364 441 460 299 417 433 389 370 263 333 289 239 286 268 298 225 268 283 189 181 233 190 165 218 194 191 211 185 148 159 232 
